1
2
3
4
5
6
7
8
9
10
11
12
13
14
15
16
17
18
19
20
21
22
23
24
25
26
27
28
29
30
31
32
33
34
35
36
37
38
39
40
41
42
43
44
45
46
47
48
49
50
51
52
53
54
55
56
57
58
59
60
61
62
63
64
65
66
67
68
69
70
71
72
73
74
75
76
77
78
79
80
81
82
83
84
85
86
87
88
89
90
91
92
93
94
95
96
97
98
99
100
101
102
103
104
105
106
107
108
109
110
111
112
113
114
115
116
117
118
119
120
121
122
123
124
125
126
127
128
129
130
131
132
133
134
135
136
137
138
139
140
141
142
143
144
145
146
147
148
149
150
151
152
153
154
155
156
157
158
159
160
161
162
163
164
165
166
167
168
169
170
171
172
173
174
175
176
177
178
179
180
181
182
183
184
185
186
187
188
189
190
191
192
193
194
195
196
197
198
199
200
201
202
203
204
205
206
207
208
209
210
211
212
213
214
215
216
217
218
219
220
221
222
223
224
225
226
227
228
229
230
231
232
233
234
235
236
237
238
239
240
241
242
243
244
245
246
247
248
249
250
251
252
253
254
255
256
257
258
259
260
261
262
263
264
265
266
267
268
269
270
271
272
273
274
275
276
277
278
279
280
281
282
283
284
285
286
287
288
289
290
291
292
293
294
295
296
297
298
299
300
301
302
303
304
305
306
307
308
309
310
311
312
313
314
315
316
317
318
319
320
321
322
323
324
325
326
327
328
329
330
331
332
333
334
335
336
337
338
339
340
341
342
343
344
345
346
347
348
349
350
351
352
353
354
355
356
357
358
359
360
361
362
363
364
365
366
367
368
369
370
371
372
373
374
375
376
377
378
379
380
381
382
383
384
385
386
387
388
389
390
391
392
393
394
395
396
397
398
399
400
401
402
403
404
405
406
407
408
409
410
411
412
413
414
415
416
417
418
419
420
421
422
423
424
425
426
427
428
429
430
431
432
433
434
435
436
437
438
439
440
441
442
443
444
445
446
447
448
449
450
451
452
453
454
455
456
457
458
459
460
461
462
463
464
465
466
467
468
469
470
471
472
473
474
475
476
477
478
479
480
481
482
483
484
485
486
487
488
489
490
491
492
493
494
495
496
497
498
499
500
501
502
503
504
505
506
507
508
509
510
511
512
513
514
515
516
517
518
519
520
521
522
523
524
525
526
527
528
529
530
531
532
533
534
535
536
537
538
539
540
541
542
543
544
545
546
547
548
549
550
551
552
553
554
555
556
557
558
559
560
561
562
563
564
565
566
567
568
569
570
571
572
573
574
575
576
577
578
579
580
581
582
583
584
585
586
587
588
589
590
591
592
593
594
595
596
597
598
599
600
601
602
603
604
605
606
607
608
609
610
611
612
613
614
615
616
617
618
619
620
621
622
623
624
625
626
627
628
629
630
631
632
633
634
635
636
637
638
639
640
641
642
643
644
645
646
647
648
649
650
651
652
653
654
655
656
657
658
659
660
661
662
663
664
665
666
667
668
669
670
671
672
673
674
675
676
677
678
679
680
681
682
683
684
685
686
687
688
689
690
691
692
693
694
695
696
697
698
699
700
701
702
703
704
705
706
707
708
709
710
711
712
713
714
715
716
717
718
719
720
721
722
723
724
725
726
727
728
729
730
731
732
733
734
735
736
737
738
739
740
741
742
743
744
745
746
747
748
749
750
751
752
753
754
755
756
757
758
759
760
761
762
763
764
765
766
767
768
769
770
771
772
773
774
775
776
777
778
779
780
781
782
783
784
785
786
787
788
789
790
791
792
793
794
795
796
797
798
799
800
801
802
803
804
805
806
807
808
809
810
811
812
813
814
815
816
817
818
819
820
821
822
823
824
825
826
827
828
829
830
831
832
833
834
835
836
837
838
839
840
841
842
843
844
845
846
847
848
849
850
851
852
853
854
855
856
857
858
859
860
861
862
863
864
865
866
867
868
869
870
871
872
873
874
875
876
877
878
879
880
881
882
883
884
885
886
887
888
889
890
891
892
893
894
895
896
897
898
899
900
901
902
903
904
905
906
907
908
909
910
911
912
913
914
915
916
917
918
919
920
921
922
923
924
925
926
927
928
929
930
931
932
933
934
935
936
937
938
939
940
941
942
943
944
945
946
947
948
949
950
951
952
953
954
955
956
957
958
959
960
961
962
963
964
965
966
967
968
969
970
971
972
973
974
975
976
977
978
979
980
981
982
983
984
985
986
987
988
989
990
991
992
993
994
995
996
997
998
999
1000
1001
1002
1003
1004
1005
1006
1007
1008
1009
1010
1011
1012
1013
1014
1015
1016
1017
1018
1019
1020
1021
1022
1023
1024
1025
1026
1027
1028
1029
1030
1031
1032
1033
1034
1035
1036
1037
1038
1039
1040
1041
1042
1043
1044
1045
1046
1047
1048
1049
1050
1051
1052
1053
1054
1055
1056
1057
1058
1059
1060
1061
1062
1063
1064
1065
1066
1067
1068
1069
1070
1071
1072
1073
1074
1075
1076
1077
1078
1079
1080
1081
1082
1083
1084
1085
1086
1087
1088
1089
1090
1091
1092
1093
1094
1095
1096
1097
1098
1099
1100
1101
1102
1103
1104
1105
1106
1107
1108
1109
1110
1111
1112
1113
1114
1115
1116
1117
1118
1119
1120
1121
1122
1123
1124
1125
1126
1127
1128
1129
1130
1131
1132
1133
1134
1135
1136
1137
1138
1139
1140
1141
1142
1143
1144
1145
1146
1147
1148
1149
1150
1151
1152
1153
1154
1155
1156
1157
1158
1159
1160
1161
1162
1163
1164
1165
1166
1167
1168
1169
1170
1171
1172
1173
1174
1175
1176
1177
1178
1179
1180
1181
1182
1183
1184
1185
1186
1187
1188
1189
1190
1191
1192
1193
1194
1195
1196
1197
1198
1199
1200
1201
1202
1203
1204
1205
1206
1207
1208
1209
1210
1211
1212
1213
1214
1215
1216
1217
1218
1219
1220
1221
1222
1223
1224
1225
1226
1227
1228
1229
1230
1231
1232
1233
1234
1235
1236
1237
1238
1239
1240
1241
1242
1243
1244
1245
1246
1247
1248
1249
1250
1251
1252
1253
1254
1255
1256
1257
1258
1259
1260
1261
1262
1263
1264
1265
1266
1267
1268
1269
1270
1271
1272
1273
1274
1275
1276
1277
1278
1279
1280
1281
1282
1283
1284
1285
1286
1287
1288
1289
1290
1291
1292
1293
1294
1295
1296
1297
1298
1299
1300
1301
1302
1303
1304
1305
1306
1307
1308
1309
1310
1311
1312
1313
1314
1315
1316
1317
1318
1319
1320
1321
1322
1323
1324
1325
1326
1327
1328
1329
1330
1331
1332
1333
1334
1335
1336
1337
1338
1339
1340
1341
1342
1343
1344
1345
1346
1347
1348
1349
1350
1351
1352
1353
1354
1355
1356
1357
1358
1359
1360
1361
1362
1363
1364
1365
1366
1367
1368
1369
1370
1371
1372
1373
1374
1375
1376
1377
1378
1379
1380
1381
1382
1383
1384
1385
1386
1387
1388
1389
1390
1391
1392
1393
1394
1395
1396
1397
1398
1399
1400
1401
1402
1403
1404
1405
1406
1407
1408
1409
1410
1411
1412
1413
1414
1415
1416
1417
1418
1419
1420
1421
1422
1423
1424
1425
1426
1427
1428
1429
1430
1431
1432
1433
1434
1435
1436
1437
1438
1439
1440
1441
1442
1443
1444
1445
1446
1447
1448
1449
1450
1451
1452
1453
1454
1455
1456
1457
1458
1459
1460
1461
1462
1463
1464
1465
1466
1467
1468
1469
1470
1471
1472
1473
1474
1475
896303
896304
896305
896306
896307
896308
896309
896310
896311
896312
896313
896314
896315
896316
896317
896318
896319
896320
896321
896322
896323
896324
896325
896326
896327
896328
896329
896330
896331
896332
896333
896334
896335
896336
896337
896338
896339
896340
896341
896342
896343
896344
896345
896346
896347
896348
896349
896350
896351
896352
896353
896354
896355
896356
896357
896358
896359
896360
896361
896362
896363
896364
896365
896366
896367
896368
896369
896370
896371
896372
896373
896374
896375
896376
896377
896378
896379
896380
896381
896382
896383
896384
896385
896386
896387
896388
896389
896390
896391
896392
896393
896394
896395
896396
896397
896398
896399
896400
896401
896402
896403
896404
896405
896406
896407
896408
896409
896410
896411
896412
896413
896414
896415
896416
896417
896418
896419
896420
896421
896422
896423
896424
896425
896426
896427
896428
896429
896430
896431
896432
896433
896434
896435
896436
896437
896438
896439
896440
896441
896442
896443
896444
896445
896446
896447
896448
896449
896450
896451
896452
896453
896454
896455
896456
896457
896458
896459
896460
896461
896462
896463
896464
896465
896466
896467
896468
896469
896470
896471
896472
896473
896474
896475
896476
896477
896478
896479
896480
896481
896482
896483
896484
896485
896486
896487
896488
896489
896490
896491
896492
896493
896494
896495
896496
896497
896498
896499
896500
896501
896502
896503
896504
896505
896506
896507
896508
896509
896510
896511
896512
896513
896514
896515
896516
896517
896518
896519
896520
896521
896522
896523
896524
896525
896526
896527
896528
896529
896530
896531
896532
896533
896534
896535
896536
896537
896538
896539
896540
896541
896542
896543
896544
896545
896546
896547
896548
896549
896550
896551
896552
896553
896554
896555
896556
896557
896558
896559
896560
896561
896562
896563
896564
896565
896566
896567
896568
896569
896570
896571
896572
896573
896574
896575
896576
896577
896578
896579
896580
896581
896582
896583
896584
896585
896586
896587
896588
896589
896590
896591
896592
896593
896594
896595
896596
896597
896598
896599
896600
896601
896602
896603
896604
896605
896606
896607
896608
896609
896610
896611
896612
896613
896614
896615
896616
896617
896618
896619
896620
896621
896622
896623
896624
896625
896626
896627
896628
896629
896630
896631
896632
896633
896634
896635
896636
896637
896638
896639
896640
896641
896642
896643
896644
896645
896646
896647
896648
896649
896650
896651
896652
896653
896654
896655
896656
896657
896658
896659
896660
896661
896662
896663
896664
896665
896666
896667
896668
896669
896670
896671
896672
896673
896674
896675
896676
896677
896678
896679
896680
896681
896682
896683
896684
896685
896686
896687
896688
896689
896690
896691
896692
896693
896694
896695
896696
896697
896698
896699
896700
896701
896702
896703
896704
896705
896706
896707
896708
896709
896710
896711
896712
896713
896714
896715
896716
896717
896718
896719
896720
896721
896722
896723
896724
896725
896726
896727
896728
896729
896730
896731
896732
896733
896734
896735
896736
896737
896738
896739
896740
896741
896742
896743
896744
896745
896746
896747
896748
896749
896750
896751
896752
896753
896754
896755
896756
896757
896758
896759
896760
896761
896762
896763
896764
896765
896766
896767
896768
896769
896770
896771
896772
896773
896774
896775
896776
896777
896778
896779
896780
896781
896782
896783
896784
896785
896786
896787
896788
896789
896790
896791
896792
896793
896794
896795
896796
896797
896798
896799
896800
896801
896802
896803
896804
896805
896806
896807
896808
896809
896810
896811
896812
896813
896814
896815
896816
896817
896818
896819
896820
896821
896822
896823
896824
896825
896826
896827
896828
896829
896830
896831
896832
896833
896834
896835
896836
896837
896838
896839
896840
896841
896842
896843
896844
896845
896846
896847
896848
896849
896850
896851
896852
896853
896854
896855
896856
896857
896858
896859
896860
896861
896862
896863
896864
896865
896866
896867
896868
896869
896870
896871
896872
896873
896874
896875
896876
896877
896878
896879
896880
896881
896882
896883
896884
896885
896886
896887
896888
896889
896890
896891
896892
896893
896894
896895
896896
896897
896898
896899
896900
896901
896902
896903
896904
896905
896906
896907
896908
896909
896910
896911
896912
896913
896914
896915
896916
896917
896918
896919
896920
896921
896922
896923
896924
896925
896926
896927
896928
896929
896930
896931
896932
896933
896934
896935
896936
896937
896938
896939
896940
896941
896942
896943
896944
896945
896946
896947
896948
896949
896950
896951
896952
896953
896954
896955
896956
896957
896958
896959
896960
896961
896962
896963
896964
896965
896966
896967
896968
896969
896970
896971
896972
896973
896974
896975
896976
896977
896978
896979
896980
896981
896982
896983
896984
896985
896986
896987
896988
896989
896990
896991
896992
896993
896994
896995
896996
896997
896998
896999
897000
897001
897002
897003
897004
897005
897006
897007
897008
897009
897010
897011
897012
897013
897014
897015
897016
897017
897018
897019
897020
897021
897022
897023
897024
897025
897026
897027
897028
897029
897030
897031
897032
897033
897034
897035
897036
897037
897038
897039
897040
897041
897042
897043
897044
897045
897046
897047
897048
897049
897050
897051
897052
897053
897054
897055
897056
897057
897058
897059
897060
897061
897062
897063
897064
897065
897066
897067
897068
897069
897070
897071
897072
897073
897074
897075
897076
897077
897078
897079
897080
897081
897082
897083
897084
897085
897086
897087
897088
897089
897090
897091
897092
897093
897094
897095
897096
897097
897098
897099
897100
897101
897102
897103
897104
897105
897106
897107
897108
897109
897110
897111
897112
897113
897114
897115
897116
897117
897118
897119
897120
897121
897122
897123
897124
897125
897126
897127
897128
897129
897130
897131
897132
897133
897134
897135
897136
897137
897138
897139
897140
897141
897142
897143
897144
897145
897146
897147
897148
897149
897150
897151
897152
897153
897154
897155
897156
897157
897158
897159
897160
897161
897162
897163
897164
897165
897166
897167
897168
897169
897170
897171
897172
897173
897174
897175
897176
897177
897178
897179
897180
897181
897182
897183
897184
897185
897186
897187
897188
897189
897190
897191
897192
897193
897194
897195
897196
897197
897198
897199
897200
897201
897202
897203
897204
897205
897206
897207
897208
897209
897210
897211
897212
897213
897214
897215
897216
897217
897218
897219
897220
897221
897222
897223
897224
897225
897226
897227
897228
897229
897230
897231
897232
897233
897234
897235
897236
897237
897238
897239
897240
897241
897242
897243
897244
897245
897246
897247
897248
897249
897250
897251
897252
897253
897254
897255
897256
897257
897258
897259
897260
897261
897262
897263
897264
897265
897266
897267
897268
897269
897270
897271
897272
897273
897274
897275
897276
897277
897278
897279
897280
897281
897282
897283
897284
897285
897286
897287
897288
897289
897290
897291
897292
897293
897294
897295
897296
897297
897298
897299
897300
897301
897302
897303
897304
897305
897306
897307
897308
897309
897310
897311
897312
897313
897314
897315
897316
897317
897318
897319
897320
897321
897322
897323
897324
897325
897326
897327
897328
897329
897330
897331
897332
897333
897334
897335
897336
897337
897338
897339
897340
897341
897342
897343
897344
897345
897346
897347
897348
897349
897350
897351
897352
897353
897354
897355
897356
897357
897358
897359
897360
897361
897362
897363
897364
897365
897366
897367
897368
897369
897370
897371
897372
897373
897374
897375
897376
897377
897378
897379
897380
897381
897382
897383
897384
897385
897386
897387
897388
897389
897390
897391
897392
897393
897394
897395
897396
897397
897398
897399
897400
897401
897402
897403
897404
897405
897406
897407
897408
897409
897410
897411
897412
897413
897414
897415
897416
897417
897418
897419
897420
897421
897422
897423
897424
897425
897426
897427
897428
897429
897430
897431
897432
897433
897434
897435
897436
897437
897438
897439
897440
897441
897442
897443
897444
897445
897446
897447
897448
897449
897450
897451
897452
897453
897454
897455
897456
897457
897458
897459
897460
897461
897462
897463
897464
897465
897466
897467
897468
897469
897470
897471
897472
897473
897474
897475
897476
897477
897478
897479
897480
897481
897482
897483
897484
897485
897486
897487
897488
897489
897490
897491
897492
897493
897494
897495
897496
897497
897498
897499
897500
897501
897502
897503
897504
897505
897506
897507
897508
897509
897510
897511
897512
897513
897514
897515
897516
897517
897518
897519
897520
897521
897522
897523
897524
897525
897526
897527
897528
897529
897530
897531
897532
897533
897534
897535
897536
897537
897538
897539
897540
897541
897542
897543
897544
897545
897546
897547
897548
897549
897550
897551
897552
897553
897554
897555
897556
897557
897558
897559
897560
897561
897562
897563
897564
897565
897566
897567
897568
897569
897570
897571
897572
897573
897574
897575
897576
897577
897578
897579
897580
897581
897582
897583
897584
897585
897586
897587
897588
897589
897590
897591
897592
897593
897594
897595
897596
897597
897598
897599
897600
897601
897602
897603
897604
897605
897606
897607
897608
897609
897610
897611
897612
897613
897614
897615
897616
897617
897618
897619
897620
897621
897622
897623
897624
897625
897626
897627
897628
897629
897630
897631
897632
897633
897634
897635
897636
897637
897638
897639
897640
897641
897642
897643
897644
897645
897646
897647
897648
897649
897650
897651
897652
897653
897654
897655
897656
897657
897658
897659
897660
897661
897662
897663
897664
897665
897666
897667
897668
897669
897670
897671
897672
897673
897674
897675
897676
897677
897678
897679
897680
897681
897682
897683
897684
897685
897686
897687
897688
897689
897690
897691
897692
897693
897694
897695
897696
897697
897698
897699
897700
897701
897702
897703
897704
897705
897706
897707
897708
897709
897710
897711
897712
897713
897714
897715
897716
897717
897718
897719
897720
897721
897722
897723
897724
897725
897726
897727
897728
897729
897730
897731
897732
897733
897734
897735
897736
897737
897738
897739
897740
897741
897742
897743
897744
897745
897746
897747
897748
897749
897750
897751
897752
897753
897754
897755
897756
897757
897758
897759
897760
897761
897762
897763
897764
897765
897766
897767
897768
897769
897770
897771
897772
897773
897774
897775
897776
897777
897778
897779
897780
897781
897782
897783
897784
897785
897786
897787
897788
897789
897790
897791
897792
897793
897794
897795
897796
897797
897798
897799
897800
897801
897802
897803
897804
897805
897806
897807
897808
897809
897810
897811
897812
897813
897814
897815
897816
897817
897818
897819
897820
897821
897822
897823
897824
897825
897826
897827
897828
897829
897830
897831
897832
897833
897834
897835
897836
897837
897838
897839
897840
897841
897842
897843
897844
897845
897846
897847
897848
897849
897850
897851
897852
897853
897854
897855
897856
897857
897858
897859
897860
897861
897862
897863
897864
897865
897866
897867
897868
897869
897870
897871
897872
897873
897874
897875
897876
897877
897878
897879
897880
897881
897882
897883
897884
897885
897886
897887
897888
897889
897890
897891
897892
897893
897894
897895
897896
897897
897898
897899
897900
897901
897902
897903
897904
897905
897906
897907
897908
897909
897910
897911
897912
897913
897914
897915
897916
897917
897918
897919
897920
897921
897922
897923
897924
897925
897926
897927
897928
897929
897930
897931
897932
897933
897934
897935
897936
897937
897938
897939
897940
897941
897942
897943
897944
897945
897946
897947
897948
897949
897950
897951
897952
897953
897954
897955
897956
897957
897958
897959
897960
897961
897962
897963
897964
897965
897966
897967
897968
897969
897970
897971
897972
897973
897974
897975
897976
897977
897978
897979
897980
897981
897982
897983
897984
897985
897986
897987
897988
897989
897990
897991
897992
897993
897994
897995
897996
897997
897998
897999
898000
898001
898002
898003
898004
898005
898006
898007
898008
898009
898010
898011
898012
898013
898014
898015
898016
898017
898018
898019
898020
898021
898022
898023
898024
898025
898026
898027
898028
898029
898030
898031
898032
898033
898034
898035
898036
898037
898038
898039
898040
898041
898042
898043
898044
898045
898046
898047
898048
898049
898050
898051
898052
898053
898054
898055
898056
898057
898058
898059
898060
898061
898062
898063
898064
898065
898066
898067
898068
898069
898070
898071
898072
898073
898074
898075
898076
898077
898078
898079
898080
898081
898082
898083
898084
898085
898086
898087
898088
898089
898090
898091
898092
898093
898094
898095
898096
898097
898098
898099
898100
898101
898102
898103
898104
898105
898106
898107
898108
898109
898110
898111
898112
898113
898114
898115
898116
898117
898118
898119
898120
898121
898122
898123
898124
898125
898126
898127
898128
898129
898130
898131
898132
898133
898134
898135
898136
898137
898138
898139
898140
898141
898142
898143
898144
898145
898146
898147
898148
898149
898150
898151
898152
898153
898154
898155
898156
898157
898158
898159
898160
898161
898162
898163
898164
898165
898166
898167
898168
898169
898170
898171
898172
898173
898174
898175
898176
898177
898178
898179
898180
898181
898182
898183
898184
898185
898186
898187
898188
898189
898190
898191
898192
898193
898194
898195
898196
898197
898198
898199
898200
898201
898202
898203
898204
898205
898206
898207
898208
898209
898210
898211
898212
898213
898214
898215
898216
898217
898218
898219
898220
898221
898222
898223
898224
898225
898226
898227
898228
898229
898230
898231
898232
898233
898234
898235
898236
898237
898238
898239
898240
898241
898242
898243
898244
898245
898246
898247
898248
898249
898250
898251
898252
898253
898254
898255
898256
898257
898258
898259
898260
898261
898262
898263
898264
898265
898266
898267
898268
898269
898270
898271
898272
898273
898274
898275
898276
898277
898278
898279
898280
898281
898282
898283
898284
898285
898286
898287
898288
898289
898290
898291
898292
898293
898294
898295
898296
898297
898298
898299
898300
898301
898302
898303
898304
898305
898306
898307
898308
898309
898310
898311
898312
898313
898314
898315
898316
898317
898318
898319
898320
898321
898322
898323
898324
898325
898326
898327
898328
898329
898330
898331
898332
898333
898334
898335
898336
898337
898338
898339
898340
898341
898342
898343
898344
898345
898346
898347
898348
898349
898350
898351
898352
898353
898354
898355
898356
898357
898358
898359
898360
898361
898362
898363
898364
898365
898366
898367
898368
898369
898370
898371
898372
898373
898374
898375
898376
898377
898378
898379
898380
898381
898382
898383
898384
898385
898386
898387
898388
898389
898390
898391
898392
898393
898394
898395
898396
898397
898398
898399
898400
898401
898402
898403
898404
898405
898406
898407
898408
898409
898410
898411
898412
898413
898414
898415
898416
898417
898418
898419
898420
898421
898422
898423
898424
898425
898426
898427
898428
898429
898430
898431
898432
898433
898434
898435
898436
898437
898438
898439
898440
898441
898442
898443
898444
898445
898446
898447
898448
898449
898450
898451
898452
898453
898454
898455
898456
898457
898458
898459
898460
898461
898462
898463
898464
898465
898466
898467
898468
898469
898470
898471
898472
898473
898474
898475
898476
898477
898478
898479
898480
898481
898482
898483
898484
898485
898486
898487
898488
898489
898490
898491
898492
898493
898494
898495
898496
898497
898498
898499
898500
898501
898502
898503
898504
898505
898506
898507
898508
898509
898510
898511
898512
898513
898514
898515
898516
898517
898518
898519
898520
898521
898522
898523
898524
898525
898526
898527
898528
898529
898530
898531
898532
898533
898534
898535
898536
898537
898538
898539
898540
898541
898542
898543
898544
898545
898546
898547
898548
898549
898550
898551
898552
898553
898554
898555
898556
898557
898558
898559
898560
898561
898562
898563
898564
898565
898566
898567
898568
898569
898570
898571
898572
898573
898574
898575
898576
898577
898578
898579
898580
898581
898582
898583
898584
898585
898586
898587
898588
898589
898590
898591
898592
898593
898594
898595
898596
898597
898598
898599
898600
898601
898602
898603
898604
898605
898606
898607
898608
898609
898610
898611
898612
898613
898614
898615
898616
898617
898618
898619
898620
898621
898622
898623
898624
898625
898626
898627
898628
898629
898630
898631
898632
898633
898634
898635
898636
898637
898638
898639
898640
898641
898642
898643
898644
898645
898646
898647
898648
898649
898650
898651
898652
898653
898654
898655
898656
898657
898658
898659
898660
898661
898662
898663
898664
898665
898666
898667
898668
898669
898670
898671
898672
898673
898674
898675
898676
898677
898678
898679
898680
898681
898682
898683
898684
898685
898686
898687
898688
898689
898690
898691
898692
898693
898694
898695
898696
898697
898698
898699
898700
898701
898702
898703
898704
898705
898706
898707
898708
898709
898710
898711
898712
898713
898714
898715
898716
898717
898718
898719
898720
898721
898722
898723
898724
898725
898726
898727
898728
898729
898730
898731
898732
898733
898734
898735
898736
898737
898738
898739
898740
898741
898742
898743
898744
898745
898746
898747
898748
898749
898750
898751
898752
898753
898754
898755
898756
898757
898758
898759
898760
898761
898762
898763
898764
898765
898766
898767
898768
898769
898770
898771
898772
898773
898774
898775
898776
898777
898778
898779
898780
898781
898782
898783
898784
898785
898786
898787
898788
898789
898790
898791
898792
898793
898794
898795
898796
898797
898798
898799
898800
898801
898802
898803
898804
898805
898806
898807
898808
898809
898810
898811
898812
898813
898814
898815
898816
898817
898818
898819
898820
898821
898822
898823
898824
898825
898826
898827
898828
898829
898830
898831
898832
898833
898834
898835
898836
898837
898838
898839
898840
898841
898842
898843
898844
898845
898846
898847
898848
898849
898850
898851
898852
898853
898854
898855
898856
898857
898858
898859
898860
898861
898862
898863
898864
898865
898866
898867
898868
898869
898870
898871
898872
898873
898874
898875
898876
898877
898878
898879
898880
898881
898882
898883
898884
898885
898886
898887
898888
898889
898890
898891
898892
898893
898894
898895
898896
898897
898898
898899
898900
898901
898902
898903
898904
898905
898906
898907
898908
898909
898910
898911
898912
898913
898914
898915
898916
898917
898918
898919
898920
898921
898922
898923
898924
898925
898926
898927
898928
898929
898930
898931
898932
898933
898934
898935
898936
898937
898938
898939
898940
898941
898942
898943
898944
898945
898946
898947
898948
898949
898950
898951
898952
898953
898954
898955
898956
898957
898958
898959
898960
898961
898962
898963
898964
898965
898966
898967
898968
898969
898970
898971
898972
898973
898974
898975
898976
898977
898978
898979
898980
898981
898982
898983
898984
898985
898986
898987
898988
898989
898990
898991
898992
898993
898994
898995
898996
898997
898998
898999
899000
899001
899002
899003
899004
899005
899006
899007
899008
899009
899010
899011
899012
899013
899014
899015
899016
899017
899018
899019
899020
899021
899022
899023
899024
899025
899026
899027
899028
899029
899030
899031
899032
899033
899034
899035
899036
899037
899038
899039
899040
899041
899042
899043
899044
899045
899046
899047
899048
899049
899050
899051
899052
899053
899054
899055
899056
899057
899058
899059
899060
899061
899062
899063
899064
899065
899066
899067
899068
899069
899070
899071
899072
899073
899074
899075
899076
899077
899078
899079
899080
899081
899082
899083
899084
899085
899086
899087
899088
899089
899090
899091
899092
899093
899094
899095
899096
899097
899098
899099
899100
899101
899102
899103
899104
899105
899106
899107
899108
899109
899110
899111
899112
899113
899114
899115
899116
899117
899118
899119
899120
899121
899122
899123
899124
899125
899126
899127
899128
899129
899130
899131
899132
899133
899134
899135
899136
899137
899138
899139
899140
899141
899142
899143
899144
899145
899146
899147
899148
899149
899150
899151
899152
899153
899154
899155
899156
899157
899158
899159
899160
899161
899162
899163
899164
899165
899166
899167
899168
899169
899170
899171
899172
899173
899174
899175
899176
899177
899178
899179
899180
899181
899182
899183
899184
899185
899186
899187
899188
899189
899190
899191
899192
899193
899194
899195
899196
899197
899198
899199
899200
899201
899202
899203
899204
899205
899206
899207
899208
899209
899210
899211
899212
899213
899214
899215
899216
899217
899218
899219
899220
899221
899222
899223
899224
899225
899226
899227
899228
899229
899230
899231
899232
899233
899234
899235
899236
899237
899238
899239
899240
899241
899242
899243
899244
899245
899246
899247
899248
899249
899250
899251
899252
899253
899254
899255
899256
899257
899258
899259
899260
899261
899262
899263
899264
899265
899266
899267
899268
899269
899270
899271
899272
899273
899274
899275
899276
899277
899278
899279
899280
899281
899282
899283
899284
899285
899286
899287
899288
899289
899290
899291
899292
899293
899294
899295
899296
899297
899298
899299
899300
899301
899302
899303
899304
899305
899306
899307
899308
899309
899310
899311
899312
899313
899314
899315
899316
899317
899318
899319
899320
899321
899322
899323
899324
899325
899326
899327
899328
899329
899330
899331
899332
899333
899334
899335
899336
899337
899338
899339
899340
899341
899342
899343
899344
899345
899346
899347
899348
899349
899350
899351
899352
899353
899354
899355
899356
899357
899358
899359
899360
899361
899362
899363
899364
899365
899366
899367
899368
899369
899370
899371
899372
899373
899374
899375
899376
899377
899378
899379
899380
899381
899382
899383
899384
899385
899386
899387
899388
899389
899390
899391
899392
899393
899394
899395
899396
899397
899398
899399
899400
899401
899402
899403
899404
899405
899406
899407
899408
899409
899410
899411
899412
899413
899414
899415
899416
899417
899418
899419
899420
899421
899422
899423
899424
899425
899426
899427
899428
899429
899430
899431
899432
899433
899434
899435
899436
899437
899438
899439
899440
899441
899442
899443
899444
899445
899446
899447
899448
899449
899450
899451
899452
899453
899454
899455
899456
899457
899458
899459
899460
899461
899462
899463
899464
899465
899466
899467
899468
899469
899470
899471
899472
899473
899474
899475
899476
899477
899478
899479
899480
899481
899482
899483
899484
899485
899486
899487
899488
899489
899490
899491
899492
899493
899494
899495
899496
899497
899498
899499
899500
899501
899502
899503
899504
899505
899506
899507
899508
899509
899510
899511
899512
899513
899514
899515
899516
899517
899518
899519
899520
899521
899522
899523
899524
899525
899526
899527
899528
899529
899530
899531
899532
899533
899534
899535
899536
899537
899538
899539
899540
899541
899542
899543
899544
899545
899546
899547
899548
899549
899550
899551
899552
899553
899554
899555
899556
899557
899558
899559
899560
899561
899562
899563
899564
899565
899566
899567
899568
899569
899570
899571
899572
899573
899574
899575
899576
899577
899578
899579
899580
899581
899582
899583
899584
899585
899586
899587
899588
899589
899590
899591
899592
899593
899594
899595
899596
899597
899598
899599
899600
899601
899602
899603
899604
899605
899606
899607
899608
899609
899610
899611
899612
899613
899614
899615
899616
899617
899618
899619
899620
899621
899622
899623
899624
899625
899626
899627
899628
899629
899630
899631
899632
899633
899634
899635
899636
899637
899638
899639
899640
899641
899642
899643
899644
899645
899646
899647
899648
899649
899650
899651
899652
899653
899654
899655
899656
899657
899658
899659
899660
899661
899662
899663
899664
899665
899666
899667
899668
899669
899670
899671
899672
899673
899674
899675
899676
899677
899678
899679
899680
899681
899682
899683
899684
899685
899686
899687
899688
899689
899690
899691
899692
899693
899694
899695
899696
899697
899698
899699
899700
899701
899702
899703
899704
899705
899706
899707
899708
899709
899710
899711
899712
899713
899714
899715
899716
899717
899718
899719
899720
899721
899722
899723
899724
899725
899726
899727
899728
899729
899730
899731
899732
899733
899734
899735
899736
899737
899738
899739
899740
899741
899742
899743
899744
899745
899746
899747
899748
899749
899750
899751
899752
899753
899754
899755
899756
899757
899758
899759
899760
899761
899762
899763
899764
899765
899766
899767
899768
899769
899770
899771
899772
899773
899774
899775
899776
899777
899778
899779
899780
899781
899782
899783
899784
899785
899786
899787
899788
899789
899790
899791
899792
899793
899794
899795
899796
899797
899798
899799
899800
899801
899802
899803
899804
899805
899806
899807
899808
899809
899810
899811
899812
899813
899814
899815
899816
899817
899818
899819
899820
899821
899822
899823
899824
899825
899826
899827
899828
899829
899830
899831
899832
899833
899834
899835
899836
899837
899838
899839
899840
899841
899842
899843
899844
899845
899846
899847
899848
899849
899850
899851
899852
899853
899854
899855
899856
899857
899858
899859
899860
899861
899862
899863
899864
899865
899866
899867
899868
899869
899870
899871
899872
899873
899874
899875
899876
899877
899878
899879
899880
899881
899882
899883
899884
899885
899886
899887
899888
899889
899890
899891
899892
899893
899894
899895
899896
899897
899898
899899
899900
899901
899902
899903
899904
899905
899906
899907
899908
899909
899910
899911
899912
899913
899914
899915
899916
899917
899918
899919
899920
899921
899922
899923
899924
899925
899926
899927
899928
899929
899930
899931
899932
899933
899934
899935
899936
899937
899938
899939
899940
899941
899942
899943
899944
899945
899946
899947
899948
899949
899950
899951
899952
899953
899954
899955
899956
899957
899958
899959
899960
899961
899962
899963
899964
899965
899966
899967
899968
899969
899970
899971
899972
899973
899974
899975
899976
899977
899978
899979
899980
899981
899982
899983
899984
899985
899986
899987
899988
899989
899990
899991
899992
899993
899994
899995
899996
899997
899998
899999
900000
900001
900002
900003
900004
900005
900006
900007
900008
900009
900010
900011
900012
900013
900014
900015
900016
900017
900018
900019
900020
900021
900022
900023
900024
900025
900026
900027
900028
900029
900030
900031
900032
900033
900034
900035
900036
900037
900038
900039
900040
900041
900042
900043
900044
900045
900046
900047
900048
900049
900050
900051
900052
900053
900054
900055
900056
900057
900058
900059
900060
900061
900062
900063
900064
900065
900066
900067
900068
900069
900070
900071
900072
900073
900074
900075
900076
900077
900078
900079
900080
900081
900082
900083
900084
900085
900086
900087
900088
900089
900090
900091
900092
900093
900094
900095
900096
900097
900098
900099
900100
900101
900102
900103
900104
900105
900106
900107
900108
900109
900110
900111
900112
900113
900114
900115
900116
900117
900118
900119
900120
900121
900122
900123
900124
900125
900126
900127
900128
900129
900130
900131
900132
900133
900134
900135
900136
900137
900138
900139
900140
900141
900142
900143
900144
900145
900146
900147
900148
900149
900150
900151
900152
900153
900154
900155
900156
900157
900158
900159
900160
900161
900162
900163
900164
900165
900166
900167
900168
900169
900170
900171
900172
900173
900174
900175
900176
900177
900178
900179
900180
900181
900182
900183
900184
900185
900186
900187
900188
900189
900190
900191
900192
900193
900194
900195
900196
900197
900198
900199
900200
900201
900202
900203
900204
900205
900206
900207
900208
900209
900210
900211
900212
900213
900214
900215
900216
900217
900218
900219
900220
900221
900222
900223
900224
900225
900226
900227
900228
900229
900230
900231
900232
900233
900234
900235
900236
900237
900238
900239
900240
900241
900242
900243
900244
900245
900246
900247
900248
900249
900250
900251
900252
900253
900254
900255
900256
900257
900258
900259
900260
900261
900262
900263
900264
900265
900266
900267
900268
900269
900270
900271
900272
900273
900274
900275
900276
900277
900278
900279
900280
900281
900282
900283
900284
900285
900286
900287
900288
900289
900290
900291
900292
900293
900294
900295
900296
900297
900298
900299
900300
900301
900302
900303
900304
900305
900306
900307
900308
900309
900310
900311
900312
900313
900314
900315
900316
900317
900318
900319
900320
900321
900322
900323
900324
900325
900326
900327
900328
900329
900330
900331
900332
900333
900334
900335
900336
900337
900338
900339
900340
900341
900342
900343
900344
900345
900346
900347
900348
900349
900350
900351
900352
900353
900354
900355
900356
900357
900358
900359
900360
900361
900362
900363
900364
900365
900366
900367
900368
900369
900370
900371
900372
900373
900374
900375
900376
900377
900378
900379
900380
900381
900382
900383
900384
900385
900386
900387
900388
900389
900390
900391
900392
900393
900394
900395
900396
900397
900398
900399
900400
900401
900402
900403
900404
900405
900406
900407
900408
900409
900410
900411
900412
900413
900414
900415
900416
900417
900418
900419
900420
900421
900422
900423
900424
900425
900426
900427
900428
900429
900430
900431
900432
900433
900434
900435
900436
900437
900438
900439
900440
900441
900442
900443
900444
900445
900446
900447
900448
900449
900450
900451
900452
900453
900454
900455
900456
900457
900458
900459
900460
900461
900462
900463
900464
900465
900466
900467
900468
900469
900470
900471
900472
900473
900474
900475
900476
900477
900478
900479
900480
900481
900482
900483
900484
900485
900486
900487
900488
900489
900490
900491
900492
900493
900494
900495
900496
900497
900498
900499
900500
900501
900502
900503
900504
900505
900506
900507
900508
900509
900510
900511
900512
900513
900514
900515
900516
900517
900518
900519
900520
900521
900522
900523
900524
900525
900526
900527
900528
900529
900530
900531
900532
900533
900534
900535
900536
900537
900538
900539
900540
900541
900542
900543
900544
900545
900546
900547
900548
900549
900550
900551
900552
900553
900554
900555
900556
900557
900558
900559
900560
900561
900562
900563
900564
900565
900566
900567
900568
900569
900570
900571
900572
900573
900574
900575
900576
900577
900578
900579
900580
900581
900582
900583
900584
900585
900586
900587
900588
900589
900590
900591
900592
900593
900594
900595
900596
900597
900598
900599
900600
900601
900602
900603
900604
900605
900606
900607
900608
900609
900610
900611
900612
900613
900614
900615
900616
900617
900618
900619
900620
900621
900622
900623
900624
900625
900626
900627
900628
900629
900630
900631
900632
900633
900634
900635
900636
900637
900638
900639
900640
900641
900642
900643
900644
900645
900646
900647
900648
900649
900650
900651
900652
900653
900654
900655
900656
900657
900658
900659
900660
900661
900662
900663
900664
900665
900666
900667
900668
900669
900670
900671
900672
900673
900674
900675
900676
900677
900678
900679
900680
900681
900682
900683
900684
900685
900686
900687
900688
900689
900690
900691
900692
900693
900694
900695
900696
900697
900698
900699
900700
900701
900702
900703
900704
900705
900706
900707
900708
900709
900710
900711
900712
900713
900714
900715
900716
900717
900718
900719
900720
900721
900722
900723
900724
900725
900726
900727
900728
900729
900730
900731
900732
900733
900734
900735
900736
900737
900738
900739
900740
900741
900742
900743
900744
900745
900746
900747
900748
900749
900750
900751
900752
900753
900754
900755
900756
900757
900758
900759
900760
900761
900762
900763
900764
900765
900766
900767
900768
900769
900770
900771
900772
900773
900774
900775
900776
900777
900778
900779
900780
900781
900782
900783
900784
900785
900786
900787
900788
900789
900790
900791
900792
900793
900794
900795
900796
900797
900798
900799
900800
900801
900802
900803
900804
900805
900806
900807
900808
900809
900810
900811
900812
900813
900814
900815
900816
900817
900818
900819
900820
900821
900822
900823
900824
900825
900826
900827
900828
900829
900830
900831
900832
900833
900834
900835
900836
900837
900838
900839
900840
900841
900842
900843
900844
900845
900846
900847
900848
900849
900850
900851
900852
900853
900854
900855
900856
900857
900858
900859
900860
900861
900862
900863
900864
900865
900866
900867
900868
900869
900870
900871
900872
900873
900874
900875
900876
900877
900878
900879
900880
900881
900882
900883
900884
900885
900886
900887
900888
900889
900890
900891
900892
900893
900894
900895
900896
900897
900898
900899
900900
900901
900902
900903
900904
900905
900906
900907
900908
900909
900910
900911
900912
900913
900914
900915
900916
900917
900918
900919
900920
900921
900922
900923
900924
900925
900926
900927
900928
900929
900930
900931
900932
900933
900934
900935
900936
900937
900938
900939
900940
900941
900942
900943
900944
900945
900946
900947
900948
900949
900950
900951
900952
900953
900954
900955
900956
900957
900958
900959
900960
900961
900962
900963
900964
900965
900966
900967
900968
900969
900970
900971
900972
900973
900974
900975
900976
900977
900978
900979
900980
900981
900982
900983
900984
900985
900986
900987
900988
900989
900990
900991
900992
900993
900994
900995
900996
900997
900998
900999
901000
901001
901002
901003
901004
901005
901006
901007
901008
901009
901010
901011
901012
901013
901014
901015
901016
901017
901018
901019
901020
901021
901022
901023
901024
901025
901026
901027
901028
901029
901030
901031
901032
901033
901034
901035
901036
901037
901038
901039
901040
901041
901042
901043
901044
901045
901046
901047
901048
901049
901050
901051
901052
901053
901054
901055
901056
901057
901058
901059
901060
901061
901062
901063
901064
901065
901066
901067
901068
901069
901070
901071
901072
901073
901074
901075
901076
901077
901078
901079
901080
901081
901082
901083
901084
901085
901086
901087
901088
901089
901090
901091
901092
901093
901094
901095
901096
901097
901098
901099
901100
901101
901102
901103
901104
901105
901106
901107
901108
901109
901110
901111
901112
901113
901114
901115
901116
901117
901118
901119
901120
901121
901122
901123
901124
901125
901126
901127
901128
901129