1	896303	0.315
2	896304	0.538
2	896305	0.902
3	896306	0.709
3	896307	0.504
4	896308	0.94
5	896309	0.366
6	896310	0.313
7	896311	0.986
7	896312	0.699
7	896313	0.35
7	896314	0.935
7	896315	0.613
7	896316	0.631
7	896317	0.711
7	896318	0.43
7	896319	0.386
7	896320	0.754
7	896321	0.319
7	896322	0.552
7	896323	0.959
7	896324	0.24
7	896325	0.773
8	896326	0.723
9	896327	0.747
9	896328	0.504
9	896329	0.436
9	896330	0.527
9	896331	0.195
9	896332	0.624
9	896333	0.88
9	896334	0.952
10	896335	0.965
11	896336	0.734
12	896337	0.082
12	896338	0.607
12	896339	0.767
12	896340	0.527
13	896341	0.409
13	896342	0.917
14	896343	0.834
14	896344	0.87
14	896345	0.582
14	896346	0.349
14	896347	0.311
15	896348	0.631
15	896349	0.97
15	896350	0.706
16	896351	0.301
17	896352	0.85
18	896353	0.933
19	896354	0.648
20	896355	0.57
20	896356	0.715
20	896357	0.49
20	896358	0.849
20	896359	0.697
20	896360	0.525
21	896361	0.145
21	896362	0.762
21	896363	0.998
22	896364	0.617
23	896365	0.657
24	896366	0.515
25	896367	0.642
25	896368	0.473
25	896369	0.46
25	896370	0.841
25	896371	0.135
26	896372	0.727
27	896368	0.462
28	896373	0.322
29	896374	0.344
29	896375	0.6
29	896376	0.775
30	896377	0.169
31	896378	0.639
32	896379	0.275
33	896380	0.505
34	896381	0.461
35	896382	0.7
36	896383	0.606
36	896384	0.491
36	896385	0.986
37	896386	0.617
37	896387	0.66
37	896388	0.34
38	896389	0.416
39	896390	0.506
40	896391	0.2
41	896392	0.345
41	896393	0.987
42	896394	0.714
43	896394	0.701
44	896394	0.517
45	896394	0.364
46	896395	0.72
47	896396	0.782
47	896397	0.933
47	896398	0.626
47	896399	0.512
47	896400	0.384
47	896401	0.274
47	896402	0.064
47	896403	0.949
47	896404	0.839
47	896405	0.751
47	896406	0.361
48	896407	0.708
49	896408	0.097
49	896409	0.19
49	896410	0.495
49	896411	0.374
49	896412	0.254
49	896413	0.168
49	896414	0.72
49	896415	0.331
49	896416	0.525
49	896417	0.771
49	896418	0.652
49	896419	0.431
49	896420	0.897
49	896421	0.512
49	896422	0.429
49	896423	0.644
49	896424	0.608
50	896425	0.892
51	896426	0.257
52	896427	0.583
53	896428	0.828
53	896429	0.648
54	896430	0.388
55	896431	0.777
56	896432	0.439
57	896433	0.746
58	896434	0.14
58	896435	0.17
59	896436	0.308
60	896437	0.261
61	896438	0.367
62	896439	0.682
62	896440	0.951
62	896441	0.531
62	896442	0.613
62	896443	0.097
62	896444	0.378
62	896445	0.515
62	896446	0.088
62	896447	0.786
63	896448	0.643
64	896449	0.176
64	896450	0.356
64	896451	0.343
64	896452	0.522
64	896453	0.752
64	896454	0.303
65	896455	0.805
65	896456	0.689
65	896457	0.969
65	896458	0.596
65	896459	0.268
65	896460	0.8
65	896461	0.767
65	896462	0.818
65	896463	0.962
66	896464	0.423
66	896465	0.164
66	896466	0.913
66	896467	0.628
66	896468	0.628
66	896469	0.545
66	896470	0.446
66	896471	0.792
66	896472	0.112
66	896473	0.432
66	896474	0.935
66	896475	0.371
66	896476	0.542
67	896477	0.759
67	896478	0.967
67	896479	0.817
67	896480	0.64
68	896481	0.765
69	896482	0.743
70	896483	0.914
70	896484	0.426
70	896485	0.772
71	896486	0.07
71	896487	0.025
72	896488	0.465
73	896489	0.676
74	896490	0.568
75	896491	0.913
76	896492	0.401
76	896493	0.269
77	896494	0.257
78	896494	0.138
79	896495	0.673
80	896496	0.397
80	896497	0.495
80	896498	0.291
81	896499	0.403
82	896500	0.484
83	896501	0.74
84	896502	0.444
84	896503	0.268
84	896504	0.339
84	896505	0.551
84	896506	0.237
84	896507	0.947
84	896508	0.632
84	896509	0.598
84	896510	0.906
84	896511	0.187
84	896512	0.633
84	896513	0.826
84	896514	0.447
84	896515	0.478
84	896516	0.151
84	896517	0.488
84	896518	0.638
84	896519	0.519
84	896520	0.99
84	896521	0.755
84	896522	0.615
84	896523	0.256
84	896524	0.558
84	896525	0.737
84	896526	0.824
84	896527	0.927
84	896528	0.723
84	896529	0.281
84	896530	0.382
84	896531	0.228
84	896532	0.626
84	896533	0.423
84	896534	0.885
84	896535	0.512
84	896536	0.521
84	896537	0.66
84	896538	0.327
84	896539	0.18
84	896540	0.274
84	896541	0.682
84	896542	0.735
84	896543	0.739
84	896544	0.67
84	896545	0.937
84	896546	0.482
84	896547	0.46
84	896548	0.855
84	896549	0.041
84	896550	0.627
84	896551	0.53
84	896552	0.396
84	896553	0.43
84	896554	0.335
84	896555	0.281
84	896556	0.469
85	896557	0.096
86	896558	0.403
87	896559	0.504
88	896560	0.447
89	896561	0.446
90	896562	0.354
90	896563	0.224
91	896564	0.197
92	896565	0.751
93	896566	0.296
94	896567	0.202
94	896568	0.596
94	896569	0.206
94	896570	0.963
94	896571	0.175
94	896572	0.69
94	896573	0.605
94	896574	0.493
95	896575	0.225
96	896576	0.509
97	896577	0.224
98	896578	0.328
99	896578	0.423
99	896579	0.219
99	896580	0.632
100	896581	0.462
100	896582	0.672
100	896583	0.605
100	896584	0.411
100	896585	0.999
100	896586	0.462
100	896587	0.047
100	896588	0.574
100	896589	0.584
101	896590	0.13
102	896591	0.653
103	896592	0.249
104	896593	0.459
104	896594	0.662
104	896595	0.251
104	896596	0.171
104	896597	0.521
105	896598	0.451
106	896599	0.457
107	896600	0.984
108	896601	0.952
109	896602	0.493
109	896603	0.799
109	896604	0.764
110	896605	0.724
110	896606	0.391
110	896607	0.605
110	896608	0.717
110	896609	0.602
110	896610	0.372
111	896611	0.459
112	896612	0.554
113	896613	0.821
114	896614	0.586
115	896615	0.204
115	896616	0.157
115	896617	0.702
115	896618	0.644
115	896619	0.316
115	896620	0.836
115	896621	0.627
116	896622	0.672
117	896623	0.57
117	896624	0.49
118	896625	0.577
118	896626	0.821
119	896627	0.257
119	896628	0.791
119	896629	0.284
119	896630	0.197
120	896631	0.787
121	896632	0.883
121	896633	0.553
122	896634	0.575
123	896635	0.882
124	896636	0.772
124	896637	0.657
124	896638	0.809
125	896639	0.519
126	896640	0.886
126	896641	0.55
126	896642	0.602
126	896643	0.456
126	896644	0.698
126	896645	0.206
126	896646	0.462
126	896647	0.615
126	896648	0.369
126	896649	0.746
126	896650	0.861
126	896651	0.553
126	896652	0.145
126	896653	0.358
126	896654	0.717
126	896655	0.676
127	896656	0.423
127	896657	0.588
128	896658	0.268
129	896659	0.855
130	896660	0.369
130	896661	0.511
130	896662	0.706
130	896663	0.336
130	896664	0.157
130	896665	0.71
130	896666	0.843
130	896667	0.793
130	896668	0.578
130	896669	0.446
130	896670	0.325
131	896671	0.817
132	896672	0.367
132	896673	0.613
132	896674	0.644
132	896675	0.398
132	896676	0.091
132	896677	0.842
133	896678	0.757
133	896679	0.534
133	896680	0.754
133	896681	0.401
134	896682	0.222
135	896683	0.673
136	896684	0.729
137	896685	0.758
138	896686	0.513
139	896687	0.671
139	896688	0.154
140	896689	0.377
140	896690	0.437
140	896691	0.484
141	896692	0.982
142	896693	0.703
143	896694	0.603
144	896695	0.755
145	896696	0.303
145	896697	0.798
145	896698	0.484
146	896699	0.958
147	896700	0.948
148	896701	0.838
148	896702	0.764
149	896703	0.257
150	896704	0.278
151	896705	0.865
152	896706	0.105
152	896707	0.771
153	896708	0.371
154	896709	0.156
154	896710	0.34
155	896711	0.675
156	896712	0.236
157	896713	0.635
158	896714	0.957
159	896715	0.201
159	896716	0.986
160	896717	0.395
161	896718	0.828
161	896719	0.889
161	896720	0.478
161	896721	0.452
161	896722	0.132
162	896723	0.593
163	896724	0.768
164	896725	0.597
165	896726	0.884
166	896727	0.613
167	896728	0.896
168	896729	0.643
169	896730	0.663
169	896729	0.339
169	896731	0.38
170	896732	0.359
171	896733	0.452
171	896734	0.596
171	896735	0.25
171	896736	0.337
171	896737	0.427
171	896738	0.472
172	896739	0.852
173	896740	0.665
174	896741	0.914
175	896742	0.557
176	896743	0.293
177	896744	0.28
177	896745	0.307
178	896746	0.499
178	896747	0.779
179	896748	0.589
179	896749	0.667
179	896750	0.452
179	896751	0.109
179	896752	0.445
179	896753	0.205
179	896754	0.439
179	896755	0.248
179	896756	0.473
179	896757	0.429
179	896758	0.769
179	896759	0.575
179	896760	0.381
179	896761	0.752
179	896762	0.289
179	896763	0.721
179	896764	0.733
179	896765	0.987
179	896766	0.617
179	896767	0.624
179	896768	0.491
179	896769	0.82
179	896770	0.642
179	896771	0.343
179	896772	0.443
179	896773	0.859
179	896774	0.659
180	896775	0.37
181	896776	0.622
182	896777	0.733
182	896778	0.777
182	896779	0.208
182	896780	0.865
182	896781	0.677
182	896782	0.392
182	896783	0.616
182	896784	0.811
182	896785	0.825
182	896786	0.503
182	896787	0.372
182	896788	0.757
182	896789	0.647
182	896790	0.416
182	896791	0.67
182	896792	0.165
182	896793	0.739
183	896794	0.455
183	896795	0.747
183	896796	0.259
183	896797	0.67
183	896798	0.501
183	896799	0.727
183	896800	0.473
183	896801	0.93
183	896802	0.508
183	896803	0.993
183	896804	0.796
183	896805	0.28
183	896806	0.358
183	896807	0.236
183	896808	0.996
183	896809	0.782
183	896810	0.53
183	896811	0.711
183	896812	0.746
183	896813	0.405
183	896814	0.144
183	896815	0.544
184	896798	0.874
185	896797	0.125
186	896816	0.092
187	896817	0.896
187	896818	0.652
187	896819	0.602
187	896820	0.435
187	896821	0.469
188	896822	0.914
189	896823	0.134
189	896824	0.607
190	896825	0.832
191	896826	0.421
192	896827	0.526
193	896828	0.183
194	896829	0.478
195	896830	0.567
196	896831	0.688
196	896832	0.876
197	896833	0.911
197	896834	0.209
197	896835	0.48
197	896836	0.361
197	896837	0.694
197	896838	0.666
197	896839	0.84
197	896840	0.649
197	896841	0.5
197	896842	0.584
197	896843	0.27
197	896844	0.861
197	896845	0.351
197	896846	0.682
197	896847	0.316
197	896848	0.314
197	896849	0.691
197	896850	0.671
197	896851	0.428
197	896852	0.67
197	896853	0.581
197	896854	0.542
198	896855	0.014
199	896856	0.766
200	896857	0.466
200	896858	0.844
201	896859	0.496
202	896860	0.101
203	896861	0.298
204	896862	0.613
204	896863	0.486
204	896864	0.022
205	896865	0.762
205	896866	0.161
206	896867	0.773
206	896868	0.183
206	896869	0.441
206	896870	0.28
206	896871	0.12
206	896872	0.688
206	896873	0.783
206	896874	0.44
206	896875	0.605
206	896876	0.596
206	896877	0.867
206	896878	0.949
206	896879	0.6
206	896880	0.773
206	896881	0.619
206	896882	0.567
206	896883	0.897
206	896884	0.512
206	896885	0.412
206	896886	0.47
206	896887	0.821
206	896888	0.321
206	896889	0.384
206	896890	0.364
206	896891	0.474
207	896892	0.938
207	896893	0.726
208	896894	0.62
209	896895	0.949
210	896896	0.705
211	896897	0.656
211	896898	0.482
212	896899	0.839
212	896900	0.495
212	896901	0.212
212	896902	0.63
212	896903	0.946
212	896904	0.122
212	896905	0.96
212	896906	0.64
212	896907	0.412
212	896908	0.755
212	896909	0.802
212	896910	0.989
212	896911	0.341
212	896912	0.121
212	896913	0.938
212	896914	0.736
213	896915	0.847
214	896916	0.479
214	896917	0.498
214	896918	0.657
214	896919	0.754
214	896920	0.145
214	896921	0.505
214	896922	0.705
215	896923	0.907
216	896924	0.331
217	896925	0.981
218	896926	0.831
219	896927	0.499
220	896928	0.488
220	896927	0.11
221	896929	0.24
221	896930	0.409
222	896931	0.758
223	896932	0.276
223	896927	0.692
224	896933	0.726
225	896934	0.991
225	896935	0.334
226	896936	0.942
227	896937	0.968
228	896938	0.761
229	896939	0.79
230	896940	0.516
231	896941	0.536
232	896942	0.76
233	896943	0.292
234	896944	0.655
234	896945	0.855
235	896946	0.636
235	896947	0.612
236	896948	0.432
237	896949	0.461
238	896950	0.411
239	896951	0.126
239	896952	0.197
239	896953	0.592
239	896954	0.821
239	896955	0.546
239	896956	0.8
239	896957	0.826
239	896958	0.442
239	896959	0.595
239	896960	0.817
239	896961	0.902
239	896962	0.207
239	896963	0.5
239	896964	0.081
239	896965	0.963
239	896966	0.532
239	896967	0.467
239	896968	0.956
239	896969	0.606
239	896970	0.592
239	896971	0.752
239	896972	0.107
239	896973	0.24
239	896974	0.986
239	896975	0.167
240	896976	0.364
241	896977	0.757
242	896978	0.618
243	896979	0.756
244	896980	0.778
245	896981	0.684
246	896982	0.369
246	896983	0.267
246	896984	0.642
246	896985	0.941
246	896444	0.344
246	896986	0.664
246	896987	0.731
246	896988	0.576
246	896989	0.637
247	896990	0.846
248	896991	0.688
249	896992	0.513
250	896993	0.381
251	896994	0.549
252	896995	0.557
253	896996	0.425
254	896997	0.863
255	896998	0.237
256	896999	0.318
256	897000	0.888
256	897001	0.414
256	897002	0.754
256	897003	0.32
256	897004	0.71
256	897005	0.85
256	897006	0.743
256	897007	0.085
256	897008	0.83
256	897009	0.306
256	897010	0.334
257	897011	0.407
257	897012	0.587
257	897013	0.196
257	897014	0.782
257	897015	0.766
257	897016	0.742
257	897017	0.513
257	897018	0.282
257	897019	0.314
257	897020	0.451
258	897021	0.865
259	897022	0.697
260	897023	0.746
261	897024	0.835
261	897025	0.217
261	897026	0.922
261	897027	0.469
262	897028	0.585
262	897029	0.249
263	897030	0.242
264	897031	0.48
265	897032	0.731
266	897033	0.845
266	897034	0.337
266	897035	0.172
266	897036	0.12
266	897037	0.113
266	897038	0.523
266	897039	0.534
266	897040	0.802
266	897041	0.423
266	897025	0.487
266	897042	0.688
266	897043	0.651
266	897044	0.458
266	897045	0.524
266	897046	0.535
266	897047	0.684
266	897048	0.349
266	897049	0.902
266	897050	0.745
266	897051	0.353
266	897052	0.827
267	897053	0.539
267	897054	0.795
267	897055	0.682
267	897056	0.9
267	897057	0.54
267	897058	0.74
267	897059	0.507
268	897060	0.137
269	897061	0.811
269	897062	0.374
270	897063	0.629
270	897064	0.488
270	897065	0.767
270	897066	0.726
270	897067	0.278
270	897068	0.375
270	897069	0.345
270	897070	0.814
270	897071	0.914
270	897072	0.811
270	897073	0.288
270	897074	0.619
270	897075	0.238
270	897076	0.759
270	897077	0.374
270	897078	0.93
270	897079	0.656
270	897080	0.679
270	897081	0.687
270	897082	0.719
270	897083	0.806
270	897084	0.888
270	897085	0.907
270	897086	0.166
270	897087	0.259
270	897088	0.179
270	897089	0.339
270	896371	0.157
270	897090	0.144
270	897091	0.562
270	897092	0.317
270	897093	0.596
271	897094	0.367
271	897095	0.73
272	897096	0.848
273	897097	0.123
274	897098	0.456
274	897099	0.497
274	897100	0.332
274	897101	0.656
274	897102	0.67
274	897103	0.611
274	897104	0.671
274	897105	0.85
274	897106	0.932
274	897107	0.759
274	897108	0.545
274	897109	0.485
274	897110	0.707
274	897111	0.462
274	897112	0.779
274	897113	0.807
274	897114	0.632
274	897115	0.353
274	897116	0.467
274	897117	0.347
274	897118	0.743
274	897119	0.519
274	897120	0.714
274	897121	0.691
274	897122	0.429
274	897123	0.173
274	897124	0.032
274	897125	0.448
275	897126	0.597
276	897127	0.178
277	897128	0.618
277	897129	0.626
277	897130	0.33
277	897131	0.693
277	897132	0.778
277	897133	0.48
277	897134	0.301
278	897135	0.027
279	897136	0.661
280	897137	0.897
281	897138	0.741
281	897139	0.601
282	897140	0.558
283	897141	0.509
284	897142	0.198
285	897143	0.106
286	897144	0.642
287	897145	0.033
288	897146	0.717
289	897056	0.335
289	897147	0.468
290	897148	0.911
291	897149	0.879
291	897150	0.358
292	897151	0.367
292	897152	0.255
293	897153	0.51
294	897154	0.436
295	897155	0.427
296	897156	0.16
296	897157	0.803
297	897158	0.483
298	897159	0.533
299	897160	0.588
300	897161	0.571
300	897162	0.799
300	897163	0.168
300	897164	0.31
301	897165	0.556
301	897166	0.754
302	897167	0.766
303	897168	0.756
304	897169	0.453
305	897170	0.781
306	897171	0.799
307	897172	0.546
308	897173	0.589
308	897174	0.779
308	897175	0.951
308	897176	0.917
309	897177	0.763
309	897178	0.455
309	897179	0.766
310	897180	0.832
310	897181	0.518
310	897182	0.131
310	897183	0.435
311	897184	0.746
311	897185	0.277
311	897186	0.867
312	897187	0.26
313	897188	0.459
314	897189	0.324
315	897190	0.609
316	897191	0.699
316	897192	0.607
317	897193	0.356
318	897194	0.382
319	897195	0.44
320	897196	0.417
321	897197	0.45
322	897198	0.574
322	897199	0.782
323	897200	0.976
324	897201	0.517
325	897202	0.545
326	897203	0.562
327	897204	0.376
328	897205	0.699
328	897206	0.447
328	897207	0.229
328	897208	0.569
328	897209	0.75
328	897210	0.453
328	897211	0.482
328	897212	0.914
328	897213	0.658
328	897214	0.93
328	897215	0.924
328	897216	0.673
328	897217	0.648
328	897218	0.702
328	897219	0.842
328	897220	0.805
328	897221	0.296
328	897222	0.856
329	897223	0.93
329	897224	0.536
329	897225	0.601
330	897226	0.281
331	897227	0.789
332	897228	0.018
333	897229	0.399
334	897230	0.766
334	897231	0.389
334	897232	0.52
335	897233	0.75
335	897234	0.415
335	897235	0.732
335	897236	0.951
335	897237	0.129
335	897238	0.537
335	897239	0.871
335	897240	0.242
335	897241	0.469
335	897242	0.273
335	897243	0.221
336	897244	0.429
337	897245	0.397
337	897246	0.708
337	897247	0.559
338	897248	0.805
339	897249	0.962
339	897250	0.623
339	897251	0.439
339	897252	0.024
339	897253	0.12
339	897254	0.883
339	897255	0.864
339	897256	0.406
339	897257	0.543
340	897258	0.187
340	897259	0.646
340	897260	0.791
341	896923	0.71
342	897261	0.417
342	897262	0.897
343	897263	0.17
344	897264	0.682
345	897265	0.637
346	896727	0.805
347	897266	0.443
348	897227	0.769
349	897267	0.743
350	897268	0.585
351	897269	0.411
352	897270	0.843
353	897271	0.658
354	897272	0.534
355	897273	0.352
355	897274	0.379
356	897275	0.424
357	897276	0.79
358	897276	0.648
359	897277	0.738
359	897278	0.801
359	897279	0.225
359	897280	0.761
360	897281	0.75
361	897282	0.393
361	897283	0.101
361	897284	0.884
361	897285	0.447
361	897286	0.896
361	897287	0.718
361	897288	0.573
361	897289	0.428
362	897290	0.285
363	897291	0.27
364	897292	0.217
365	897293	0.601
366	897294	0.346
366	897295	0.222
366	897296	0.469
366	897297	0.497
366	897298	0.609
366	897299	0.383
366	897300	0.789
366	897301	0.91
366	897302	0.014
366	897303	0.817
366	897304	0.381
366	897305	0.763
366	897306	0.339
366	897307	0.95
366	897308	0.918
366	897309	0.431
366	897310	0.639
366	897311	0.727
366	897312	0.754
366	897313	0.488
366	897314	0.875
366	897315	0.73
366	897316	0.266
366	897317	0.539
366	897318	0.409
366	897319	0.523
366	897320	0.774
366	897321	0.822
366	897322	0.838
366	897323	0.459
366	897324	0.544
366	897325	0.318
366	897326	0.684
366	897327	0.858
366	897328	0.595
366	897329	0.491
366	897330	0.21
366	897331	0.271
366	897332	0.336
366	897333	0.872
366	897334	0.665
366	897335	0.942
366	897336	0.696
366	897337	0.464
366	897338	0.915
366	897339	0.547
366	897340	0.163
367	897341	0.577
368	897342	0.711
368	897343	0.306
368	897344	0.529
369	897345	0.958
370	897346	0.94
371	897347	0.336
372	897348	0.264
373	897349	0.916
373	897350	0.291
374	897351	0.519
375	897352	0.796
376	897353	0.264
377	897354	0.612
378	897355	0.409
379	897356	0.115
380	897357	0.992
380	897358	0.452
381	897359	0.637
382	897360	0.928
383	897361	0.913
384	897362	0.184
385	897363	0.556
386	897364	0.889
387	897365	0.717
388	897366	0.809
389	897367	0.744
390	897368	0.909
391	897369	0.75
392	897368	0.304
393	897370	0.378
394	897371	0.623
394	897372	0.425
394	897373	0.803
395	897374	0.92
396	897375	0.637
397	897376	0.644
398	897377	0.907
399	897378	0.589
400	897379	0.791
400	897380	0.694
400	897381	0.857
400	897382	0.268
400	897383	0.646
400	897384	0.314
401	897385	0.251
402	897386	0.391
403	897387	0.334
404	897388	0.863
405	897389	0.497
406	897390	0.935
406	897391	0.68
407	897392	0.538
408	897393	0.519
408	897394	0.332
408	897395	0.592
409	897396	0.372
409	897397	0.726
409	897398	0.954
410	897399	0.414
410	897400	0.793
411	897401	0.367
411	897402	0.359
411	897403	0.435
411	897404	0.909
412	897405	0.684
412	897406	0.535
413	897275	0.34
413	897407	0.63
414	897408	0.798
414	897409	0.556
415	897410	0.503
416	897411	0.884
416	897412	0.792
417	897413	0.805
417	897414	0.424
417	897415	0.72
417	897416	0.682
417	897417	0.477
417	897418	0.46
417	897419	0.379
417	897420	0.676
417	897421	0.971
417	897422	0.975
417	897423	0.886
417	897424	0.665
417	897425	0.641
417	897426	0.311
417	897427	0.282
418	897428	0.217
419	897429	0.204
420	897430	0.42
421	897431	0.365
422	897432	0.636
422	897433	0.871
423	897434	0.913
424	897435	0.531
425	897436	0.914
425	897437	0.77
425	897438	0.749
426	897439	0.271
427	897440	0.586
428	897441	0.743
429	897442	0.304
429	897443	0.705
429	897444	0.241
429	897445	0.61
429	897446	0.553
429	897447	0.753
430	897448	0.672
431	897449	0.373
431	897450	0.207
431	897451	0.697
431	897452	0.326
431	897453	0.28
431	897454	0.577
431	897455	0.199
432	897456	0.959
433	897457	0.628
433	897458	0.384
433	897459	0.758
434	897460	0.463
435	897461	0.884
436	897462	0.377
437	897463	0.963
438	897464	0.129
439	897465	0.616
440	897466	0.925
441	897467	0.532
441	897468	0.877
442	897469	0.766
443	897470	0.492
444	897471	0.292
444	897472	0.197
445	897473	0.714
446	897474	0.421
447	897475	0.484
448	897476	0.217
449	897477	0.747
449	897478	0.193
449	897479	0.511
450	897480	0.714
451	897481	0.495
452	897482	0.796
453	897483	0.341
454	897484	0.56
455	897485	0.769
455	897486	0.881
456	897487	0.892
457	897488	0.702
458	897489	0.378
459	897490	0.437
460	897491	0.163
460	897492	0.729
461	897493	0.669
462	897494	0.322
463	897495	0.376
464	897496	0.847
464	897497	0.883
464	897498	0.374
464	897499	0.126
464	897500	0.672
464	897501	0.636
464	897502	0.849
465	897503	0.684
465	897504	0.931
465	897505	0.612
465	897506	0.461
465	897507	0.254
465	897502	0.84
466	897508	0.516
467	897509	0.265
468	897510	0.976
468	897511	0.665
468	897512	0.177
468	897513	0.502
468	897514	0.814
469	897515	0.435
469	897516	0.386
469	897517	0.151
470	897518	0.533
471	897519	0.177
472	897520	0.613
472	897521	0.796
473	897522	0.774
474	897523	0.629
475	897519	0.739
476	897524	0.101
477	897525	0.434
478	897526	0.715
479	897527	0.755
480	897528	0.768
481	897529	0.293
481	897530	0.624
482	897531	0.712
483	897532	0.514
483	897533	0.2
484	897534	0.684
484	897535	0.515
485	897536	0.601
486	897537	0.639
486	897538	0.713
486	897539	0.825
486	897540	0.398
486	897541	0.614
486	897542	0.402
486	897543	0.915
487	897544	0.77
488	897545	0.256
489	897546	0.566
489	897547	0.603
490	897548	0.456
490	897549	0.097
491	897550	0.694
492	897551	0.776
493	897552	0.114
493	897553	0.458
493	897554	0.512
493	897555	0.87
493	897556	0.456
493	897557	0.628
493	897558	0.788
493	897559	0.95
493	897560	0.891
493	897561	0.925
493	897562	0.644
493	897563	0.292
493	897564	0.95
493	897565	0.699
493	897566	0.673
493	897567	0.653
493	897568	0.505
493	897569	0.853
493	897570	0.482
493	897571	0.168
493	897572	0.784
493	897573	0.419
493	897574	0.526
493	897575	0.734
493	897576	0.905
493	897577	0.744
493	897578	0.706
493	897579	0.343
493	897580	0.608
493	897581	0.684
493	897582	0.748
493	897583	0.656
493	897584	0.636
493	897585	0.11
494	897586	0.245
494	897587	0.372
494	897588	0.906
494	897589	0.627
494	897590	0.671
494	897591	0.862
494	897592	0.24
495	897593	0.498
495	897594	0.693
495	897595	0.547
496	897596	0.27
496	897597	0.908
497	897598	0.479
497	897599	0.872
498	897600	0.465
498	897601	0.72
498	897602	0.793
498	897603	0.662
498	897604	0.966
498	897605	0.991
498	897606	0.487
498	897607	0.545
498	897608	0.611
498	896528	0.658
498	897609	0.282
498	897610	0.94
498	897611	0.641
498	897612	0.412
498	897613	0.846
498	897614	0.802
498	897615	0.596
498	897616	0.745
498	897617	0.664
498	897618	0.728
499	897619	0.549
499	897620	0.234
500	897621	0.29
501	897622	0.645
502	897623	0.711
503	897624	0.651
503	897625	0.581
504	897626	0.968
504	897627	0.915
504	897628	0.452
504	897629	0.919
504	897630	0.215
504	897631	0.687
504	897632	0.702
504	897633	0.631
504	897634	0.224
504	897635	0.707
504	897636	0.687
504	897637	0.824
504	897638	0.93
504	897639	0.535
504	897640	0.352
504	897641	0.622
504	897642	0.419
504	897643	0.487
505	897644	0.863
506	897645	0.471
507	897646	0.702
508	897647	0.567
509	897648	0.131
509	897649	0.946
510	897650	0.398
511	897651	0.457
512	897652	0.801
513	897653	0.543
514	897654	0.426
514	897655	0.365
514	897656	0.5
514	897657	0.309
514	897658	0.932
514	897659	0.607
514	897660	0.471
514	897661	0.718
514	897662	0.593
514	897663	0.74
514	897664	0.18
514	897665	0.583
514	897666	0.162
514	897667	0.225
514	897668	0.595
514	897669	0.751
514	897670	0.414
514	897671	0.487
514	897672	0.652
514	897673	0.567
514	897674	0.73
514	897675	0.924
514	897676	0.858
514	897677	0.618
514	897678	0.014
514	897679	0.27
514	897680	0.64
515	897681	0.256
516	897682	0.528
517	897683	0.369
518	897684	0.771
518	897685	0.569
518	897686	0.724
518	897687	0.665
518	897688	0.267
519	897689	0.196
520	897690	0.625
520	897691	0.89
520	897692	0.503
521	897693	0.183
522	897694	0.488
523	897695	0.657
523	897696	0.544
523	897697	0.512
523	897238	0.472
523	897698	0.459
523	897699	0.609
523	897700	0.496
523	897701	0.932
524	896356	0.583
525	897702	0.352
525	897703	0.771
525	897704	0.245
525	897705	0.441
526	897706	0.752
527	897707	0.678
527	897708	0.721
527	897709	0.837
527	897710	0.974
527	897711	0.792
527	897712	0.653
527	897713	0.937
527	897714	0.654
527	897715	0.575
527	897716	0.723
527	897717	0.358
528	897718	0.612
528	897719	0.639
529	897720	0.739
529	897721	0.635
529	897722	0.919
530	897723	0.444
530	897724	0.334
530	897725	0.528
530	897726	0.273
530	897727	0.817
530	897728	0.976
530	897729	0.862
530	897730	0.287
530	897731	0.506
530	897732	0.916
530	897733	0.559
530	897734	0.775
530	897735	0.633
530	897124	0.629
530	897736	0.586
530	897737	0.288
530	897738	0.511
530	897739	0.602
530	897740	0.735
530	897741	0.474
530	897742	0.886
530	897743	0.798
530	897744	0.73
530	897745	0.57
531	897746	0.506
532	897747	0.108
533	897748	0.241
533	897749	0.487
534	897750	0.377
534	897751	0.743
535	897752	0.356
536	897753	0.87
536	897754	0.849
536	897755	0.701
536	897756	0.919
536	896379	0.726
536	897757	0.7
536	897758	0.292
536	897759	0.717
536	897760	0.654
536	897761	0.503
536	897762	0.631
536	897763	0.099
536	897764	0.371
536	897765	0.903
536	897766	0.58
536	897767	0.795
536	897768	0.626
536	897769	0.996
536	897770	0.184
536	897771	0.841
536	897772	0.897
536	897773	0.704
536	897774	0.457
536	897775	0.475
536	897776	0.956
536	897777	0.3
536	897778	0.491
536	897779	0.418
536	897780	0.394
536	897781	0.57
536	897782	0.687
536	897783	0.553
536	897784	0.324
536	897785	0.669
536	897786	0.873
536	897787	0.705
536	897788	0.596
536	897789	0.534
536	897790	0.441
536	897791	0.377
536	897792	0.715
536	897793	0.599
536	897794	0.193
537	897795	0.564
538	897796	0.328
539	897797	0.983
540	897798	0.728
541	897799	0.256
542	897800	0.714
542	897801	0.572
543	897802	0.388
543	897803	0.429
544	897804	0.073
545	897804	0.427
546	897805	0.689
547	897806	0.845
548	897807	0.972
548	897808	0.349
549	897809	0.913
550	897810	0.765
551	897811	0.245
552	897812	0.778
553	897813	0.851
554	897814	0.591
555	897815	0.238
555	897816	0.34
556	897817	0.618
557	897818	0.731
558	897819	0.373
559	897820	0.461
560	897821	0.47
561	897822	0.497
561	897823	0.551
561	897824	0.909
561	897825	0.299
561	897826	0.62
561	897827	0.807
561	897828	0.642
561	897829	0.457
561	897830	0.172
561	897831	0.818
561	897832	0.442
561	897833	0.443
561	897834	0.791
561	897835	0.347
561	897836	0.89
561	897837	0.303
561	897838	0.501
561	897839	0.77
561	896590	0.804
562	897840	0.294
563	897841	0.723
564	897842	0.663
565	897843	0.375
565	897844	0.969
565	897845	0.828
566	897846	0.197
567	897847	0.629
568	897848	0.376
569	897849	0.359
570	897850	0.367
571	897851	0.306
572	897852	0.481
573	897853	0.843
574	897854	0.981
575	897855	0.668
576	897856	0.707
577	897857	0.541
578	897858	0.659
578	897859	0.706
579	897860	0.534
580	897861	0.385
580	897862	0.482
581	897863	0.356
582	897864	0.526
583	897865	0.601
584	897866	0.429
585	897867	0.974
585	897868	0.704
585	897869	0.292
585	897427	0.55
586	897870	0.598
586	897871	0.203
587	897872	0.69
588	897873	0.759
589	897874	0.934
589	897875	0.559
590	897876	0.565
591	897877	0.695
591	897878	0.539
591	897879	0.912
591	897880	0.651
591	896793	0.585
592	897881	0.74
593	897882	0.3
594	897883	0.539
595	897884	0.212
596	897885	0.051
596	897886	0.569
597	897887	0.804
598	897888	0.651
598	897889	0.583
598	897890	0.363
598	897891	0.553
598	897892	0.608
598	897893	0.535
598	897894	0.254
599	897895	0.7
599	897896	0.637
599	897897	0.982
600	897898	0.503
601	897899	0.455
602	897365	0.086
603	897900	0.452
604	897901	0.313
605	897902	0.629
606	897903	0.884
606	897904	0.547
607	897905	0.156
608	897906	0.228
608	897907	0.844
608	897908	0.433
609	897909	0.672
610	897910	0.155
611	897911	0.104
612	897912	0.589
612	897913	0.513
613	897914	0.158
613	897915	0.221
613	897916	0.512
613	897917	0.617
614	897918	0.197
615	897919	0.636
616	897920	0.818
617	897921	0.497
618	897922	0.446
619	897923	0.099
619	897924	0.01
619	897925	0.323
619	897926	0.95
620	897927	0.242
620	897928	0.903
620	897929	0.82
620	897930	0.491
621	897931	0.14
622	897932	0.852
622	897933	0.603
623	897934	0.863
624	897935	0.276
624	897936	0.364
625	897937	0.557
626	897938	0.289
627	897939	0.422
628	897940	0.529
628	897941	0.602
629	897942	0.653
629	897943	0.824
629	897944	0.207
629	897945	0.845
629	897946	0.311
629	897947	0.344
629	897948	0.597
629	897949	0.252
629	897950	0.611
629	897951	0.568
629	897952	0.76
629	897953	0.567
629	897954	0.374
629	897955	0.347
629	897956	0.48
629	897957	0.301
629	897958	0.356
630	897959	0.412
630	897960	0.224
630	897961	0.773
631	897962	0.845
632	897963	0.837
633	897964	0.64
634	897965	0.647
634	897966	0.649
634	897967	0.047
634	896646	0.57
634	897968	0.628
634	897969	0.418
634	897970	0.496
634	897971	0.2
634	897972	0.902
634	897973	0.989
634	897974	0.818
634	897975	0.81
634	897976	0.61
634	897977	0.372
634	897978	0.466
634	897979	0.645
634	896653	0.957
634	897980	0.804
634	897981	0.621
634	897982	0.487
635	897983	0.313
636	897984	0.325
637	897985	0.901
638	897986	0.539
639	897987	0.79
640	897988	0.318
641	897989	0.891
642	897990	0.418
642	897991	0.937
642	897992	0.596
643	897993	0.604
644	897994	0.635
645	897995	0.639
645	897996	0.705
645	897997	0.352
645	897998	0.213
645	897999	0.769
645	898000	0.427
645	898001	0.352
645	898002	0.604
645	898003	0.178
645	898004	0.562
645	898005	0.088
645	898006	0.824
645	898007	0.674
645	898008	0.688
645	897211	0.459
645	898009	0.627
645	898010	0.588
645	898011	0.444
645	898012	0.393
645	898013	0.747
645	898014	0.632
645	897215	0.81
645	898015	0.902
645	898016	0.56
645	898017	0.746
645	898018	0.4
645	898019	0.3
645	898020	0.551
645	898021	0.732
645	898022	0.634
645	898023	0.295
645	898024	0.584
645	898025	0.59
645	898026	0.851
645	898027	0.912
645	898028	0.32
645	898029	0.836
645	898030	0.66
645	898031	0.575
645	898032	0.704
645	898033	0.517
646	898034	0.568
646	898035	0.048
647	898036	0.385
647	898037	0.952
648	898038	0.663
649	898039	0.73
650	898040	0.887
651	898041	0.24
652	898042	0.323
653	898043	0.013
654	898044	0.771
655	898045	0.653
656	898046	0.653
657	898047	0.568
658	898048	0.827
658	898049	0.685
659	898050	0.628
659	898051	0.266
659	898052	0.611
659	898053	0.786
659	898054	0.647
659	898055	0.63
659	898056	0.551
660	898057	0.122
660	898058	0.543
660	898059	0.315
660	898060	0.77
660	898061	0.276
660	898062	0.265
661	898063	0.491
662	898064	0.589
663	898065	0.583
664	898066	0.572
665	898067	0.512
666	898068	0.443
667	898069	0.363
668	898070	0.733
669	898071	0.273
670	898072	0.642
671	898073	0.92
672	898074	0.577
673	898075	0.626
674	898076	0.545
674	898077	0.31
674	898078	0.215
674	898079	0.412
674	898080	0.656
674	898081	0.959
674	898082	0.608
675	898073	0.679
676	898083	0.981
676	898084	0.32
676	898085	0.85
676	898086	0.347
676	898087	0.437
676	898088	0.55
676	898089	0.561
676	898090	0.451
677	898091	0.114
678	898092	0.754
679	898093	0.158
680	898094	0.433
681	898095	0.577
682	898096	0.856
682	898097	0.599
682	898098	0.628
682	898099	0.805
683	898100	0.466
683	898101	0.456
683	898102	0.9
684	898103	0.87
684	898104	0.101
685	898105	0.366
685	898106	0.783
685	898107	0.484
686	898108	0.369
687	898109	0.391
687	898105	0.317
687	898110	0.164
687	898111	0.428
688	898112	0.355
688	898113	0.571
688	898114	0.694
689	898115	0.315
690	898116	0.574
690	897220	0.763
690	898117	0.617
691	898118	0.997
691	898119	0.128
692	898120	0.595
693	898121	0.039
694	898122	0.841
694	898123	0.511
694	898124	0.827
694	898125	0.604
694	898126	0.385
695	898127	0.175
696	898128	0.62
697	898129	0.43
698	898130	0.516
699	898131	0.06
700	898132	0.526
700	898133	0.847
701	898134	0.642
701	897005	0.61
701	898135	0.947
701	898136	0.728
701	898137	0.543
701	898138	0.739
701	898139	0.767
701	898140	0.476
702	898141	0.487
703	898142	0.71
704	898143	0.836
704	898144	0.673
704	898145	0.869
704	898146	0.477
704	898147	0.143
704	898148	0.336
704	898149	0.795
705	898150	0.559
706	898151	0.432
707	898152	0.74
707	898153	0.877
707	898154	0.289
708	898155	0.917
708	898156	0.698
708	898157	0.88
708	898158	0.686
708	898159	0.425
708	898160	0.989
708	898161	0.522
708	898162	0.486
708	898163	0.527
708	898164	0.695
708	898165	0.444
708	898166	0.589
708	898167	0.725
708	898168	0.522
708	898169	0.89
708	898170	0.639
708	898108	0.763
708	898171	0.75
708	897218	0.155
709	898172	0.992
710	898173	0.528
711	898174	0.825
712	898175	0.371
712	898176	0.31
713	898177	0.484
714	898178	0.974
714	898179	0.657
714	898180	0.694
714	898181	0.487
715	898142	0.838
716	898182	0.731
716	898183	0.719
716	898184	0.494
716	898185	0.436
717	898186	0.686
717	898187	0.748
718	898188	0.559
719	898189	0.736
719	898190	0.683
719	898191	0.44
719	898192	0.701
719	898193	0.644
719	898194	0.92
719	898195	0.223
719	898196	0.59
719	898197	0.073
720	898198	0.81
721	898199	0.812
721	898200	0.566
722	898201	0.426
722	898202	0.758
723	898203	0.674
723	898204	0.638
724	898205	0.516
724	898206	0.701
725	898207	0.457
725	898208	0.729
725	898209	0.734
726	898210	0.816
727	898211	0.42
727	898212	0.433
727	898213	0.344
727	898214	0.604
727	898215	0.805
727	898216	0.286
728	898217	0.42
728	898218	0.174
728	898219	0.737
728	898220	0.874
728	898221	0.581
728	898222	0.36
729	898223	0.809
730	898224	0.683
730	898225	0.558
730	898226	0.442
730	898227	0.355
731	898228	0.282
731	898229	0.895
731	898230	0.84
732	898231	0.693
732	898232	0.927
732	898233	0.522
732	898234	0.242
732	898235	0.354
732	898236	0.383
732	898237	0.555
732	898238	0.322
732	898239	0.761
732	898240	0.997
732	898241	0.483
732	898242	0.566
732	898243	0.828
732	898244	0.377
732	898245	0.94
732	898246	0.482
732	898247	0.52
732	898248	0.316
732	898249	0.186
732	898250	0.974
732	898251	0.789
732	898252	0.541
732	898253	0.591
732	898254	0.566
732	898255	0.454
732	898256	0.562
732	898257	0.813
732	898258	0.549
732	898259	0.718
732	898260	0.177
732	898261	0.633
732	898262	0.706
732	898263	0.745
732	898264	0.696
732	898265	0.297
732	898266	0.343
732	898267	0.395
732	898268	0.128
732	898269	0.646
732	898270	0.318
732	898271	0.086
732	898272	0.969
732	898273	0.765
732	898274	0.399
732	898275	0.129
732	898276	0.407
732	898277	0.797
732	898278	0.663
732	898279	0.819
732	898280	0.262
732	898281	0.734
732	898282	0.782
732	898283	0.178
732	898284	0.658
732	898285	0.436
732	898286	0.65
732	898287	0.517
732	898288	0.041
732	898289	0.345
732	898290	0.689
732	898291	0.751
732	898292	0.718
732	898293	0.916
732	898294	0.46
732	898295	0.713
732	898296	0.798
732	898297	0.682
732	898298	0.67
732	898299	0.496
732	898300	0.479
732	898301	0.263
732	898302	0.407
732	898303	0.903
732	898304	0.852
732	898305	0.318
732	898306	0.187
732	898307	0.114
732	898308	0.184
732	898309	0.403
732	898310	0.561
732	898311	0.716
732	898312	0.968
732	898313	0.453
732	898314	0.986
732	898315	0.269
732	898316	0.381
732	898317	0.243
732	898318	0.425
732	896793	0.758
733	898319	0.802
734	897928	0.621
735	898320	0.157
735	897883	0.134
736	897903	0.79
737	898321	0.512
738	898322	0.806
738	898323	0.283
738	898324	0.776
738	898325	0.119
739	898326	0.339
740	898327	0.589
740	898328	0.845
741	898329	0.159
742	897377	0.544
743	898330	0.611
743	898331	0.796
743	898332	0.9
743	898333	0.721
743	898334	0.632
743	898335	0.729
743	898336	0.655
743	898337	0.657
743	898338	0.165
743	898339	0.563
743	898340	0.762
743	898341	0.878
743	898342	0.426
743	898343	0.978
743	898344	0.678
743	898345	0.505
743	898346	0.161
743	898347	0.335
743	898348	0.604
743	898349	0.323
744	898350	0.281
744	898351	0.549
745	898352	0.609
746	898353	0.813
747	898354	0.432
748	898355	0.256
749	898356	0.604
750	898357	0.356
751	898358	0.34
751	898359	0.881
751	898360	0.546
751	898361	0.47
751	898362	0.351
751	898363	0.3
751	898364	0.859
751	898365	0.722
751	898366	0.654
751	898367	0.203
751	898368	0.829
751	898369	0.714
752	898370	0.218
752	898371	0.7
752	898372	0.573
753	898373	0.435
754	898374	0.989
755	898375	0.345
756	898376	0.644
757	898377	0.476
757	898378	0.575
757	898379	0.223
758	898380	0.782
759	898381	0.786
759	898382	0.535
759	898383	0.537
759	898384	0.193
760	898385	0.97
760	898386	0.809
760	898387	0.24
760	898388	0.419
760	898389	0.49
760	898390	0.835
760	898391	0.764
760	898392	0.642
760	898393	0.48
760	898394	0.421
760	898395	0.393
760	898396	0.46
760	898397	0.566
760	898398	0.988
760	898399	0.565
760	898400	0.277
760	898401	0.679
760	898402	0.794
760	898403	0.697
760	898404	0.36
760	898405	0.754
760	898406	0.133
760	898407	0.857
760	898408	0.772
760	898409	0.621
760	898410	0.335
760	898411	0.902
760	898412	0.777
761	898413	0.464
762	898414	0.457
763	898415	0.059
763	898416	0.469
763	898417	0.078
764	898418	0.63
765	898419	0.252
766	898420	0.848
767	898421	0.801
768	898422	0.692
768	898423	0.467
769	898424	0.631
770	898425	0.746
771	898426	0.225
772	898427	0.387
772	898428	0.51
772	898429	0.212
773	898430	0.226
774	898431	0.843
774	898432	0.908
774	898433	0.41
774	898434	0.819
774	898435	0.668
774	898436	0.343
774	898437	0.317
774	898438	0.741
774	898439	0.746
774	898440	0.772
774	898441	0.436
774	898442	0.961
774	898443	0.297
774	898444	0.439
774	898445	0.77
774	898446	0.382
774	898447	0.29
774	898448	0.869
774	898449	0.91
774	898450	0.597
774	898451	0.073
774	898452	0.692
774	898453	0.429
774	898454	0.355
775	898455	0.606
776	898456	0.656
776	898457	0.601
776	898458	0.399
776	898459	0.356
776	898460	0.082
776	898461	0.766
776	898462	0.721
776	898463	0.348
776	898464	0.903
776	898465	0.147
776	898466	0.59
777	898467	0.649
778	898468	0.763
778	898469	0.906
778	898470	0.564
778	898471	0.341
778	898472	0.712
778	898473	0.918
778	898474	0.387
778	898475	0.397
778	898476	0.952
778	898477	0.824
778	898478	0.613
778	898022	0.573
778	898479	0.439
778	898480	0.626
778	898481	0.642
779	898482	0.492
779	898483	0.335
780	898484	0.641
781	898485	0.695
781	898486	0.512
781	898487	0.416
781	898488	0.192
781	898489	0.491
782	898490	0.968
783	898491	0.072
784	898492	0.389
785	898493	0.811
785	898494	0.712
786	898495	0.448
787	898496	0.455
787	898497	0.61
788	898498	0.408
788	898499	0.185
789	898500	0.506
789	898501	0.656
789	898502	0.822
790	898503	0.749
791	897373	0.183
792	898504	0.168
792	898505	0.466
792	898506	0.471
793	898507	0.867
793	898508	0.237
793	896721	0.228
794	898509	0.144
795	898510	0.559
796	898511	0.862
797	898512	0.938
798	897368	0.663
799	898513	0.884
800	898514	0.635
800	898515	0.901
801	898516	0.458
802	898517	0.018
803	898518	0.548
803	898120	0.371
804	898519	0.926
804	898520	0.585
804	898521	0.708
804	898522	0.526
805	898523	0.365
805	898524	0.904
805	898525	0.42
805	898526	0.636
805	898527	0.441
805	898528	0.985
805	896723	0.6
805	898529	0.721
806	898530	0.409
807	898531	0.483
808	898532	0.797
809	898533	0.123
810	898534	0.703
811	898535	0.528
811	898536	0.36
811	898537	0.611
811	898538	0.44
811	898539	0.261
811	898540	0.622
811	898541	0.326
812	898542	0.951
813	898543	0.763
814	898544	0.308
815	898545	0.354
816	898546	0.519
816	898547	0.877
816	898548	0.484
816	898549	0.891
816	898550	0.701
817	898551	0.744
818	898552	0.73
818	898553	0.677
818	898554	0.261
818	898555	0.725
818	898556	0.632
818	898557	0.825
818	898558	0.457
818	898559	0.732
818	898560	0.794
818	898561	0.656
818	898562	0.338
818	898563	0.215
818	898564	0.836
818	898565	0.397
818	898566	0.28
818	898567	0.419
818	898568	0.527
818	898569	0.633
818	898570	0.383
818	898571	0.822
819	898572	0.361
820	898573	0.633
821	898574	0.614
821	898575	0.671
822	898576	0.473
823	898577	0.534
824	898578	0.687
825	898579	0.63
826	898580	0.333
827	898581	0.528
828	898582	0.745
829	898583	0.788
829	898584	0.139
830	898582	0.659
830	898585	0.734
830	898586	0.465
831	898587	0.714
832	898588	0.318
833	898589	0.636
834	898590	0.142
834	898591	0.249
834	898592	0.46
834	898593	0.763
834	898594	0.648
834	898595	0.212
834	898596	0.683
835	898597	0.807
836	898598	0.586
837	898599	0.31
837	898600	0.106
837	898601	0.404
838	898602	0.656
838	897498	0.878
838	898603	0.761
838	898604	0.837
838	898605	0.606
838	898606	0.901
838	897506	0.636
838	898607	0.463
839	898608	0.448
840	898609	0.537
841	898610	0.908
841	898611	0.423
842	898612	0.877
843	898613	0.495
844	898614	0.462
845	898615	0.436
845	898616	0.802
845	898617	0.735
845	898618	0.711
845	898619	0.407
845	898620	0.235
845	898621	0.347
845	898622	0.687
845	898623	0.977
845	898624	0.516
845	898625	0.321
845	898626	0.56
845	898627	0.757
845	898628	0.34
845	898629	0.502
845	898630	0.281
846	898631	0.705
846	898632	0.704
847	898633	0.424
847	898634	0.991
848	898635	0.641
848	898636	0.335
848	898637	0.696
848	898638	0.714
848	898639	0.255
849	898640	0.525
850	898641	0.357
851	898642	0.514
851	898643	0.917
852	898644	0.106
853	898645	0.596
854	898645	0.584
854	898646	0.612
855	898647	0.715
856	898648	0.591
857	898649	0.208
858	898650	0.58
859	898651	0.435
859	898652	0.856
859	898653	0.591
859	898654	0.357
860	898655	0.385
860	898656	0.865
860	898657	0.276
860	898658	0.606
860	898659	0.248
860	898660	0.805
860	898661	0.8
861	898662	0.569
861	898663	0.645
861	898664	0.969
861	898665	0.51
861	898666	0.433
862	898667	0.971
862	898668	0.829
863	898669	0.816
864	898670	0.822
864	898671	0.532
864	898672	0.498
864	898673	0.838
864	898674	0.979
865	898675	0.606
866	898676	0.253
867	898677	0.795
868	898678	0.915
869	898679	0.808
870	898680	0.629
870	898681	0.665
870	898682	0.523
870	898683	0.666
870	898684	0.261
870	897534	0.817
870	898685	0.571
870	898686	0.782
870	898687	0.42
870	898688	0.409
870	898689	0.464
871	898690	0.649
872	898691	0.352
873	898692	0.427
874	898693	0.602
874	898694	0.288
875	898695	0.701
876	896927	0.845
877	898696	0.313
878	898697	0.613
879	898698	0.072
880	898699	0.886
880	898700	0.519
881	898701	0.415
881	898702	0.293
881	898703	0.626
881	898704	0.275
882	898705	0.48
882	898706	0.47
883	898707	0.584
884	898708	0.396
884	898709	0.513
885	898710	0.748
886	898711	0.191
886	898712	0.198
886	898713	0.624
886	898714	0.885
886	898715	0.495
887	898716	0.484
888	898717	0.387
889	898718	0.505
889	896654	0.846
890	898719	0.619
890	898720	0.16
891	898721	0.881
891	898722	0.611
891	898723	0.775
891	898720	0.575
891	898724	0.674
891	898725	0.655
891	898726	0.673
892	898724	0.69
893	898723	0.271
893	898720	0.381
894	898727	0.294
894	898728	0.581
894	898729	0.752
894	898730	0.489
894	896859	0.031
895	898731	0.434
896	898732	0.752
897	898733	0.762
897	898734	0.436
897	898735	0.507
897	898736	0.751
897	898737	0.314
898	897205	0.424
898	898738	0.289
898	898739	0.487
898	898740	0.559
898	898741	0.484
898	898742	0.839
898	898743	0.827
898	897207	0.907
898	898744	0.401
898	898745	0.512
898	898746	0.652
898	898747	0.585
898	898748	0.431
898	898749	0.985
898	898750	0.605
898	898751	0.89
898	898752	0.252
898	898753	0.758
898	898754	0.817
898	898581	0.677
898	898755	0.689
898	898756	0.225
898	898757	0.881
898	898758	0.441
898	898759	0.34
898	898760	0.293
899	898761	0.407
900	897690	0.902
901	898762	0.103
901	898763	0.497
901	898764	0.718
901	898765	0.85
901	898766	0.163
902	898767	0.84
902	898768	0.479
902	898769	0.609
902	898770	0.534
902	898771	0.885
902	898772	0.998
902	898773	0.385
902	898774	0.37
902	898775	0.59
902	898776	0.508
902	898777	0.138
902	898778	0.627
902	898779	0.027
902	898780	0.402
902	898781	0.362
902	898782	0.658
902	898783	0.595
902	898784	0.59
902	898785	0.686
902	898786	0.442
902	898787	0.885
902	898788	0.737
903	898789	0.755
903	898790	0.16
903	898791	0.252
903	898792	0.716
903	898793	0.846
903	897212	0.778
903	898794	0.632
903	898795	0.737
903	898796	0.825
903	898797	0.954
903	898117	0.253
904	898798	0.991
905	898799	0.818
906	898800	0.616
906	898801	0.534
906	898802	0.343
906	898803	0.756
906	898804	0.691
906	898805	0.024
906	898806	0.603
906	898807	0.621
906	898808	0.508
906	898809	0.806
906	897027	0.176
907	898810	0.822
908	898811	0.705
909	898812	0.332
909	898813	0.797
909	898814	0.773
910	898815	0.791
910	898816	0.354
910	898817	0.804
910	898818	0.107
910	898819	0.822
910	898820	0.354
910	898821	0.805
910	898822	0.226
910	898823	0.416
910	898824	0.422
910	898825	0.705
910	898826	0.057
910	898827	0.564
910	898828	0.263
910	898829	0.476
910	898830	0.406
910	898831	0.591
910	898832	0.441
910	898833	0.727
910	898834	0.879
910	898835	0.271
910	898836	0.671
910	898837	0.76
910	898838	0.802
910	898839	0.246
910	898840	0.659
910	898841	0.605
910	898842	0.664
910	898843	0.674
910	898844	0.573
910	898845	0.484
910	898846	0.371
910	898847	0.677
910	898848	0.724
910	898849	0.922
910	898850	0.7
910	898851	0.985
910	898852	0.19
910	898853	0.913
910	898854	0.362
910	898855	0.559
910	898856	0.708
910	898857	0.4
910	898858	0.759
910	898859	0.721
911	898860	0.147
912	898861	0.076
912	898862	0.898
913	898860	0.389
914	898863	0.077
915	898864	0.503
916	898860	0.534
917	898865	0.616
917	898866	0.63
917	898867	0.435
917	898868	0.704
917	898869	0.311
917	898870	0.771
917	898871	0.755
917	898872	0.444
917	898873	0.478
917	898874	0.479
917	898875	0.188
917	898876	0.515
917	898877	0.569
917	898878	0.53
917	898879	0.624
917	898880	0.913
917	898881	0.679
917	898882	0.525
917	898883	0.605
917	898884	0.064
917	898885	0.638
917	898886	0.358
917	898887	0.528
917	898888	0.686
917	898889	0.505
918	898890	0.708
919	898891	0.189
920	898892	0.561
921	898893	0.314
922	898894	0.888
922	898895	0.075
922	898896	0.475
922	898897	0.062
922	898898	0.819
922	898899	0.501
922	898900	0.632
922	898901	0.605
922	898902	0.481
922	898903	0.875
922	898904	0.769
922	898905	0.364
922	898906	0.202
922	898907	0.347
922	898908	0.464
923	898909	0.562
924	898910	0.679
925	898911	0.658
925	898912	0.376
925	898913	0.894
926	898914	0.891
927	898915	0.591
928	898916	0.582
929	898917	0.481
929	897652	0.646
929	898918	0.302
929	898919	0.87
929	898920	0.207
929	898921	0.933
929	898922	0.799
929	898923	0.529
929	898924	0.337
929	898925	0.868
929	898926	0.214
929	898927	0.347
929	898928	0.366
929	898929	0.723
929	898930	0.95
929	898931	0.693
929	898932	0.797
929	898933	0.772
929	898934	0.179
929	898935	0.667
929	898936	0.717
929	898937	0.609
930	898938	0.039
930	898939	0.517
931	898940	0.035
932	898941	0.596
933	898942	0.572
934	898943	0.588
935	898944	0.609
935	898945	0.78
936	898946	0.709
936	898947	0.347
936	898948	0.539
936	898949	0.766
936	898950	0.547
937	898951	0.725
937	898952	0.425
937	898953	0.704
937	898954	0.614
937	898955	0.511
937	898956	0.747
938	898957	0.926
939	898958	0.592
939	898959	0.803
939	898960	0.495
939	898961	0.932
939	898962	0.774
939	898963	0.226
939	898964	0.842
939	897559	0.572
939	898965	0.251
939	898966	0.638
939	898967	0.226
939	898968	0.803
939	898969	0.463
939	898970	0.481
939	898971	0.44
939	897574	0.915
939	898972	0.222
939	898973	0.839
939	898974	0.314
939	898975	0.514
939	898976	0.284
939	898977	0.537
939	898978	0.296
939	898979	0.319
939	898980	0.552
939	898981	0.394
939	898982	0.677
939	898983	0.847
939	898984	0.737
939	898985	0.208
939	898986	0.801
939	898987	0.566
940	898988	0.813
940	898989	0.444
940	898990	0.408
940	898991	0.718
940	898992	0.903
940	898993	0.416
940	898994	0.54
940	898995	0.501
940	898996	0.56
940	898997	0.351
940	898998	0.725
940	898999	0.629
940	899000	0.592
940	899001	0.72
940	899002	0.379
940	899003	0.721
940	899004	0.818
940	899005	0.916
940	899006	0.952
940	899007	0.447
940	899008	0.293
940	899009	0.537
940	899010	0.822
940	899011	0.31
940	899012	0.572
940	899013	0.919
941	899014	0.143
942	899015	0.473
943	899016	0.782
944	899017	0.35
945	899018	0.051
945	899019	0.726
946	899020	0.263
946	899021	0.578
946	899022	0.021
946	899023	0.623
947	899024	0.441
948	899025	0.865
948	899026	0.825
948	899027	0.966
948	899028	0.745
948	899029	0.472
948	899030	0.475
948	899031	0.721
949	899032	0.623
950	899033	0.997
951	899034	0.068
951	897926	0.064
952	899035	0.854
953	899036	0.267
954	899037	0.423
955	899038	0.901
956	899039	0.808
957	899040	0.505
958	899041	0.459
959	899042	0.802
960	899043	0.323
960	899044	0.589
960	899045	0.812
960	899046	0.015
960	899047	0.97
960	899048	0.374
960	899049	0.547
960	899050	0.13
960	899051	0.431
960	899052	0.85
960	899053	0.303
960	899054	0.484
960	899055	0.573
960	899056	0.349
960	899057	0.804
961	899058	0.691
962	899059	0.326
963	899060	0.226
964	899061	0.715
964	899062	0.55
965	899063	0.48
966	899064	0.355
966	899065	0.962
966	899066	0.567
966	899067	0.403
966	897871	0.622
966	899068	0.596
967	899069	0.514
967	899070	0.671
967	899071	0.594
967	899072	0.643
967	899073	0.447
967	899074	0.869
967	899075	0.569
967	899076	0.508
967	899077	0.545
967	899078	0.546
967	899079	0.611
968	899080	0.656
968	899081	0.805
968	899082	0.272
969	899083	0.159
970	899084	0.91
970	899085	0.756
970	899086	0.334
970	899087	0.428
970	899088	0.101
970	899089	0.54
970	899090	0.351
971	899091	0.98
972	899092	0.943
972	899093	0.643
972	899094	0.657
973	899095	0.851
974	899096	0.29
975	899097	0.515
976	899098	0.976
977	899099	0.513
978	899100	0.601
978	899101	0.699
978	899102	0.3
978	899103	0.417
979	899104	0.223
980	899105	0.822
980	899106	0.82
981	899107	0.534
982	899108	0.653
982	899109	0.382
983	899110	0.834
984	899111	0.186
985	899112	0.379
985	899113	0.102
985	899114	0.783
985	899115	0.761
985	899116	0.402
985	899117	0.234
985	899118	0.725
985	899119	0.783
985	899120	0.5
986	899121	0.685
986	899122	0.476
987	899123	0.638
988	899124	0.986
989	899125	0.806
989	899126	0.983
989	899127	0.689
990	898276	0.582
991	899128	0.864
992	899129	0.468
993	899130	0.844
993	899131	0.806
993	899132	0.766
993	899133	0.57
993	899134	0.45
993	899135	0.238
994	899136	0.698
995	899137	0.536
996	899138	0.953
996	899139	0.909
996	899140	0.889
996	899141	0.468
997	899142	0.45
998	899143	0.52
998	899144	0.447
999	899145	0.687
1000	899146	0.859
1001	899147	0.345
1001	898582	0.6
1002	899148	0.175
1003	899149	0.705
1004	899150	0.707
1005	899151	0.705
1006	899152	0.802
1007	899153	0.506
1007	899154	0.5
1007	899155	0.186
1007	899156	0.593
1007	899157	0.145
1007	899158	0.325
1007	899159	0.804
1007	899160	0.168
1008	899161	0.692
1009	899162	0.04
1010	899163	0.468
1010	899164	0.491
1010	899165	0.577
1010	899166	0.802
1010	899167	0.733
1010	899168	0.941
1010	899169	0.709
1010	899170	0.615
1010	899171	0.58
1010	899172	0.822
1010	899173	0.365
1010	899174	0.512
1010	899175	0.726
1010	899176	0.674
1010	899177	0.339
1010	899178	0.624
1010	899179	0.198
1010	899180	0.353
1010	899181	0.246
1010	899182	0.674
1010	899183	0.746
1010	899184	0.298
1011	899185	0.507
1012	899186	0.955
1012	899187	0.434
1012	899188	0.689
1013	897024	0.967
1014	899189	0.55
1014	899190	0.548
1014	899191	0.787
1015	899192	0.166
1015	899193	0.277
1015	899194	0.225
1015	899195	0.661
1015	899196	0.156
1015	899141	0.529
1015	899197	0.562
1015	899198	0.725
1016	899199	0.366
1017	899200	0.184
1018	899201	0.937
1019	899202	0.391
1019	899203	0.869
1020	899204	0.017
1021	899205	0.841
1021	899206	0.57
1021	899207	0.365
1021	899208	0.861
1021	899209	0.521
1021	899210	0.654
1021	899211	0.969
1021	899212	0.212
1021	899213	0.314
1021	899214	0.618
1021	899215	0.306
1022	899216	0.554
1023	899217	0.981
1024	899218	0.57
1025	899219	0.884
1026	899220	0.713
1026	899221	0.275
1026	899222	0.607
1026	897884	0.568
1026	899223	0.643
1026	897681	0.578
1026	899224	0.413
1026	899225	0.299
1026	899226	0.678
1026	898056	0.258
1027	899227	0.937
1028	899227	0.348
1029	899228	0.534
1030	899229	0.439
1031	899230	0.748
1031	899231	0.375
1032	899232	0.598
1033	899233	0.922
1034	899234	0.404
1034	899235	0.421
1034	899236	0.237
1034	899237	0.721
1035	899238	0.799
1036	899239	0.261
1036	899240	0.356
1037	899241	0.352
1037	899242	0.718
1037	899243	0.201
1038	899244	0.302
1039	899245	0.429
1040	899246	0.439
1041	897325	0.455
1042	899247	0.802
1043	899248	0.178
1044	899249	0.414
1044	899250	0.855
1045	898503	0.081
1045	899251	0.471
1045	899252	0.553
1046	899253	0.36
1047	899254	0.448
1048	899255	0.756
1048	899256	0.64
1049	899257	0.237
1049	899258	0.744
1049	899259	0.678
1049	899260	0.403
1049	899261	0.61
1049	899262	0.468
1049	899263	0.418
1049	899264	0.534
1049	899265	0.109
1049	899266	0.678
1049	899267	0.672
1049	896945	0.723
1050	899268	0.389
1051	899269	0.515
1052	899270	0.721
1052	897999	0.328
1052	899271	0.624
1052	899272	0.811
1052	899273	0.572
1052	899274	0.766
1052	899275	0.544
1052	899276	0.803
1052	899277	0.88
1052	898021	0.724
1052	899278	0.618
1052	899279	0.531
1052	899280	0.852
1052	899281	0.075
1052	899282	0.585
1052	899283	0.826
1052	899284	0.516
1052	899285	0.729
1052	899286	0.482
1053	899287	0.446
1053	899152	0.776
1053	899288	0.661
1054	899289	0.539
1054	899290	0.712
1054	899291	0.168
1054	899292	0.79
1054	899293	0.348
1054	899294	0.88
1054	899295	0.757
1054	899296	0.388
1054	899297	0.563
1054	899298	0.417
1055	899299	0.812
1056	899300	0.617
1057	899301	0.214
1057	899302	0.502
1057	899303	0.743
1058	899304	0.534
1059	899305	0.878
1060	899306	0.894
1061	899307	0.373
1062	899308	0.116
1063	899309	0.514
1064	899310	0.42
1065	899311	0.366
1066	899312	0.102
1067	899313	0.314
1067	899314	0.564
1067	899315	0.323
1067	899316	0.957
1067	899317	0.598
1067	899318	0.522
1067	899319	0.39
1067	899320	0.255
1067	899321	0.822
1067	899322	0.479
1068	899323	0.475
1069	899324	0.601
1069	899325	0.592
1069	899326	0.444
1069	899327	0.361
1069	899328	0.632
1069	899329	0.842
1069	899330	0.293
1069	899331	0.59
1069	899332	0.274
1069	899333	0.7
1069	899334	0.727
1070	899335	0.596
1071	899336	0.33
1071	899337	0.164
1071	899338	0.359
1071	899339	0.561
1071	899340	0.517
1071	899341	0.222
1071	899342	0.866
1071	899343	0.208
1071	899344	0.66
1071	899345	0.749
1072	899346	0.271
1072	899347	0.353
1073	899348	0.928
1073	899349	0.161
1073	899350	0.763
1073	899351	0.878
1073	899352	0.904
1073	899353	0.621
1073	899354	0.127
1073	899355	0.346
1073	899356	0.85
1073	899357	0.557
1073	899358	0.382
1073	899359	0.32
1073	899360	0.189
1073	899361	0.902
1074	899362	0.373
1074	899363	0.578
1074	899364	0.627
1075	899365	0.579
1076	899366	0.613
1077	899367	0.59
1077	899368	0.83
1077	899369	0.48
1077	899370	0.195
1077	899371	0.567
1078	899372	0.766
1078	899373	0.186
1078	899374	0.737
1078	899375	0.701
1078	899376	0.414
1078	899377	0.957
1078	899378	0.864
1078	899379	0.498
1078	899380	0.35
1078	899381	0.268
1078	899382	0.896
1078	899383	0.491
1078	899384	0.576
1078	899385	0.506
1078	899386	0.081
1078	899387	0.741
1078	899388	0.151
1078	899389	0.621
1078	899390	0.479
1079	899391	0.68
1080	899392	0.778
1080	899393	0.53
1080	899394	0.803
1080	899395	0.743
1080	899396	0.668
1080	899397	0.248
1080	899398	0.313
1080	899399	0.584
1080	899400	0.495
1080	899401	0.483
1080	899402	0.091
1080	896945	0.745
1081	899403	0.644
1081	899404	0.875
1081	899405	0.943
1081	899406	0.696
1082	899407	0.264
1083	899408	0.483
1083	899409	0.974
1084	899410	0.377
1084	899411	0.44
1084	899412	0.52
1084	899413	0.566
1084	899414	0.112
1084	899415	0.788
1085	899416	0.887
1086	899417	0.286
1086	899418	0.672
1087	899419	0.404
1087	899420	0.425
1087	899421	0.033
1087	899422	0.628
1088	899423	0.246
1089	899424	0.316
1089	899425	0.329
1089	899426	0.794
1089	899427	0.526
1089	899428	0.508
1090	899429	0.576
1090	899430	0.366
1090	899431	0.521
1090	899432	0.55
1090	899433	0.529
1090	899434	0.684
1090	899435	0.21
1090	899436	0.773
1090	899437	0.705
1090	899438	0.386
1090	899439	0.748
1090	899440	0.177
1090	899441	0.187
1090	899442	0.299
1091	899443	0.699
1091	899444	0.611
1091	899445	0.601
1091	899446	0.478
1091	899447	0.905
1092	899448	0.801
1093	899449	0.928
1093	899448	0.505
1093	899450	0.548
1093	899451	0.552
1093	899452	0.381
1093	899453	0.948
1093	899454	0.2
1094	899455	0.156
1095	899456	0.81
1096	899457	0.854
1096	899458	0.719
1097	899459	0.557
1098	899460	0.854
1098	899461	0.588
1099	899462	0.749
1100	899463	0.772
1101	899464	0.744
1101	899465	0.576
1102	899466	0.599
1102	899467	0.984
1102	899468	0.378
1102	899469	0.928
1102	899470	0.363
1102	899471	0.601
1102	899472	0.648
1102	899473	0.703
1103	899474	0.8
1104	899475	0.699
1104	899476	0.556
1104	899477	0.794
1104	899478	0.268
1105	899479	0.143
1106	899480	0.342
1106	899481	0.452
1106	899482	0.552
1106	899483	0.52
1107	899484	0.747
1107	899485	0.468
1107	899486	0.679
1107	899487	0.865
1107	899488	0.746
1107	899489	0.152
1107	899490	0.886
1107	899491	0.592
1108	899492	0.669
1109	899493	0.712
1110	899494	0.385
1110	899495	0.865
1111	899496	0.248
1112	899497	0.508
1113	899498	0.715
1113	899499	0.389
1113	899500	0.868
1114	899501	0.758
1114	899502	0.538
1114	899503	0.698
1114	899504	0.805
1114	899505	0.758
1114	899506	0.533
1114	899507	0.453
1114	899508	0.495
1114	899509	0.903
1114	899510	0.741
1114	899511	0.637
1114	899512	0.773
1114	899513	0.578
1114	896557	0.499
1114	899514	0.412
1114	899515	0.367
1114	899516	0.274
1114	899517	0.521
1114	899518	0.817
1114	899519	0.154
1114	899520	0.402
1114	899521	0.3
1114	899522	0.23
1114	899523	0.406
1114	899524	0.168
1114	899525	0.317
1114	899526	0.848
1115	899527	0.805
1116	899528	0.656
1117	899529	0.582
1118	899530	0.332
1118	899531	0.55
1118	899532	0.702
1118	899533	0.249
1118	899534	0.712
1118	899535	0.307
1118	899536	0.498
1118	899537	0.774
1118	899538	0.718
1118	899539	0.947
1118	899540	0.89
1118	899541	0.609
1118	899542	0.701
1118	899543	0.764
1118	899544	0.807
1118	899545	0.631
1118	899546	0.188
1118	899547	0.702
1118	899548	0.268
1118	899549	0.361
1118	899550	0.351
1118	899551	0.542
1118	899552	0.338
1118	899553	0.929
1118	899554	0.608
1118	899555	0.592
1118	899556	0.662
1118	899557	0.806
1118	899558	0.633
1118	899559	0.825
1118	899560	0.578
1118	899561	0.282
1118	899562	0.685
1118	899563	0.784
1118	899564	0.782
1118	899565	0.676
1118	899566	0.416
1118	899567	0.575
1118	899568	0.472
1118	899569	0.806
1118	899570	0.751
1118	899571	0.72
1118	899572	0.652
1118	899573	0.161
1118	899574	0.581
1118	899575	0.466
1118	899576	0.369
1118	899577	0.698
1118	899578	0.395
1118	899579	0.277
1118	899580	0.153
1118	899581	0.189
1118	899582	0.355
1118	899583	0.904
1118	899584	0.262
1118	899585	0.415
1118	899586	0.583
1118	899587	0.709
1118	899588	0.827
1118	899589	0.531
1118	899590	0.467
1118	899591	0.306
1118	899592	0.581
1118	899593	0.727
1119	899594	0.504
1119	899595	0.359
1119	899596	0.733
1119	899597	0.475
1119	899598	0.53
1119	899599	0.423
1119	899600	0.739
1119	899564	0.374
1119	899601	0.772
1119	899602	0.189
1119	899603	0.389
1119	899604	0.88
1119	899605	0.616
1119	899606	0.563
1120	899607	0.653
1120	899608	0.445
1121	899609	0.148
1122	899610	0.296
1123	899611	0.739
1123	899612	0.708
1123	899613	0.838
1123	899614	0.931
1123	899615	0.994
1124	899616	0.753
1124	899617	0.401
1124	899618	0.507
1124	899619	0.672
1124	899620	0.372
1124	898978	0.779
1124	899621	0.202
1124	899622	0.92
1125	899623	0.318
1126	899624	0.814
1127	899625	0.86
1128	899626	0.6
1128	899627	0.122
1129	899628	0.77
1130	899629	0.852
1131	899630	0.248
1132	899631	0.52
1133	899632	0.61
1134	899633	0.618
1134	899634	0.362
1134	899635	0.088
1135	899636	0.559
1135	899637	0.524
1135	899638	0.769
1136	899639	0.258
1137	899640	0.801
1138	899641	0.38
1139	899642	0.211
1140	899643	0.023
1140	899644	0.668
1141	899645	0.998
1142	899646	0.159
1142	899647	0.81
1142	899648	0.73
1142	899649	0.087
1142	899650	0.277
1142	899651	0.835
1143	899652	0.579
1143	899653	0.693
1143	899654	0.716
1143	899655	0.901
1143	899656	0.673
1143	899657	0.546
1143	899658	0.347
1143	899659	0.825
1143	896870	0.629
1143	899660	0.264
1143	899661	0.302
1143	899662	0.528
1143	899663	0.655
1143	899664	0.2
1143	899665	0.673
1143	899666	0.731
1143	899667	0.585
1143	899668	0.637
1143	899669	0.633
1143	899670	0.758
1143	899671	0.883
1143	899672	0.727
1143	899673	0.54
1143	899674	0.613
1143	899675	0.909
1143	899676	0.943
1143	899677	0.621
1143	899678	0.999
1143	899679	0.955
1143	899680	0.708
1143	899681	0.683
1143	899682	0.856
1143	899683	0.905
1143	899684	0.359
1143	899685	0.598
1143	899686	0.458
1143	899687	0.436
1143	899688	0.711
1143	899689	0.416
1143	899690	0.855
1143	899691	0.242
1143	899692	0.437
1143	899693	0.963
1143	899694	0.458
1143	899695	0.662
1143	899696	0.538
1143	899697	0.435
1143	899698	0.607
1144	899699	0.524
1144	899700	0.505
1145	899701	0.314
1146	899702	0.622
1146	899703	0.557
1147	899704	0.6
1148	899705	0.683
1148	899706	0.441
1148	899707	0.323
1148	899708	0.506
1148	899709	0.807
1148	899710	0.229
1148	899711	0.399
1148	899712	0.436
1148	899713	0.246
1148	899714	0.35
1148	899715	0.627
1148	899716	0.546
1148	899717	0.496
1148	899718	0.249
1149	899719	0.463
1150	899638	0.599
1151	899720	0.414
1152	899721	0.711
1153	899641	0.821
1154	899722	0.482
1155	899723	0.537
1156	899724	0.363
1157	899725	0.598
1157	899726	0.947
1157	899727	0.69
1157	899728	0.203
1157	899729	0.694
1157	899730	0.507
1157	899731	0.545
1158	899732	0.336
1159	899733	0.598
1160	899734	0.758
1161	899735	0.118
1161	899736	0.354
1162	899737	0.645
1163	899738	0.947
1163	899739	0.422
1163	899740	0.359
1163	899741	0.893
1164	899742	0.467
1165	896761	0.824
1166	899743	0.64
1167	899744	0.973
1167	899745	0.989
1167	899746	0.605
1167	899747	0.057
1167	899748	0.355
1167	899749	0.828
1167	899750	0.402
1167	899751	0.584
1167	899752	0.199
1167	899753	0.45
1167	899754	0.335
1167	899755	0.071
1167	899756	0.857
1167	899757	0.604
1167	899758	0.225
1168	899759	0.487
1169	899760	0.516
1169	899761	0.546
1169	899762	0.769
1169	899763	0.581
1169	899764	0.678
1170	899765	0.909
1171	899766	0.861
1172	899767	0.418
1173	899768	0.521
1173	899769	0.533
1173	899770	0.49
1173	899771	0.981
1173	899772	0.9
1173	899773	0.389
1173	899774	0.82
1173	899002	0.856
1173	899775	0.848
1174	899776	0.949
1175	899777	0.815
1176	899778	0.908
1176	899779	0.889
1176	899780	0.457
1176	899781	0.55
1176	899782	0.347
1176	899783	0.477
1176	899784	0.389
1177	899785	0.457
1178	899786	0.702
1179	899787	0.423
1179	899788	0.446
1179	899789	0.219
1179	899790	0.091
1179	899791	0.465
1179	899792	0.726
1179	899793	0.84
1179	899794	0.602
1179	898476	0.611
1179	897215	0.652
1179	899795	0.361
1179	899796	0.211
1179	899797	0.78
1179	899798	0.932
1179	899799	0.808
1179	898120	0.981
1179	898481	0.824
1180	899800	0.601
1181	899801	0.321
1182	899802	0.587
1183	899803	0.767
1183	899804	0.62
1184	899805	0.355
1185	899806	0.805
1186	899807	0.568
1187	899808	0.471
1187	899809	0.398
1188	899810	0.332
1189	899811	0.045
1189	899812	0.38
1189	899813	0.654
1189	899814	0.715
1189	899815	0.778
1189	899816	0.112
1190	899817	0.635
1191	899818	0.544
1192	899819	0.729
1192	899820	0.998
1192	899821	0.45
1192	899822	0.69
1193	899823	0.125
1194	899824	0.321
1194	899825	0.801
1195	899826	0.302
1195	899827	0.515
1195	899828	0.914
1196	899829	0.289
1196	899830	0.682
1197	899831	0.508
1198	897457	0.201
1198	897458	0.332
1199	899832	0.802
1200	899833	0.548
1201	899834	0.685
1201	899835	0.212
1201	899836	0.511
1201	899837	0.505
1201	899838	0.761
1201	899839	0.775
1201	899840	0.508
1201	899841	0.756
1201	899842	0.681
1201	899843	0.555
1201	899844	0.805
1201	899845	0.663
1201	899846	0.793
1202	899847	0.565
1203	899848	0.358
1204	899849	0.727
1204	899850	0.768
1204	899851	0.126
1204	899852	0.474
1204	899853	0.331
1205	899854	0.72
1205	899855	0.694
1205	899856	0.027
1205	899857	0.216
1205	899858	0.501
1205	899859	0.786
1205	899860	0.767
1205	899861	0.613
1205	899862	0.328
1205	899863	0.911
1205	899864	0.495
1205	899865	0.54
1205	899866	0.202
1205	899867	0.747
1205	899868	0.553
1205	899869	0.54
1205	899870	0.601
1205	899871	0.21
1205	899872	0.85
1205	899873	0.44
1205	899874	0.299
1205	899875	0.459
1205	899876	0.44
1205	899877	0.383
1205	899878	0.794
1205	899879	0.474
1205	899880	0.94
1205	899881	0.622
1205	899882	0.943
1205	899883	0.967
1205	899884	0.604
1205	899885	0.34
1205	899886	0.739
1205	899887	0.686
1205	899888	0.361
1205	899889	0.66
1205	899890	0.638
1206	899891	0.912
1206	899892	0.424
1206	899893	0.813
1206	899894	0.359
1206	899895	0.428
1206	899896	0.425
1206	899897	0.744
1206	899898	0.65
1206	899899	0.652
1206	899900	0.576
1206	899901	0.263
1206	899902	0.938
1206	899903	0.624
1206	899904	0.647
1206	899905	0.941
1206	899906	0.297
1206	899907	0.45
1206	899908	0.668
1206	899909	0.617
1206	899910	0.255
1207	899911	0.784
1208	899912	0.625
1209	899913	0.755
1209	899914	0.091
1210	899915	0.265
1210	899916	0.27
1210	899917	0.554
1210	899918	0.743
1210	899919	0.404
1210	899920	0.03
1210	899921	0.232
1210	899922	0.215
1210	899923	0.347
1210	899924	0.227
1210	899925	0.476
1210	899926	0.239
1211	899927	0.792
1212	899928	0.602
1212	899929	0.65
1212	899930	0.608
1213	899931	0.694
1214	899932	0.919
1215	899933	0.268
1215	899934	0.51
1216	899935	0.629
1217	899936	0.684
1218	899937	0.394
1219	899938	0.501
1219	899939	0.128
1220	899940	0.534
1221	899941	0.71
1222	899942	0.868
1223	899943	0.715
1223	899944	0.545
1223	899945	0.068
1224	898803	0.421
1224	899946	0.301
1224	899947	0.587
1224	899948	0.98
1224	899949	0.703
1224	899950	0.603
1224	896541	0.468
1224	899951	0.408
1224	899952	0.193
1224	899953	0.499
1224	899954	0.582
1224	899955	0.461
1225	897338	0.645
1226	899956	0.854
1226	899957	0.026
1226	899958	0.294
1226	899959	0.527
1226	899960	0.964
1226	899961	0.469
1226	899962	0.265
1226	899963	0.899
1227	899964	0.819
1227	899965	0.568
1228	899966	0.588
1229	899967	0.603
1230	899968	0.698
1231	899969	0.898
1231	899970	0.696
1232	899971	0.631
1232	899972	0.83
1232	899973	0.774
1232	899974	0.594
1233	899975	0.434
1234	899976	0.308
1235	899977	0.319
1235	899978	0.945
1235	899979	0.532
1236	899980	0.752
1237	899981	0.266
1237	899982	0.379
1237	899983	0.573
1237	899984	0.513
1238	899985	0.409
1239	899986	0.804
1239	899987	0.926
1239	899988	0.819
1240	899989	0.473
1240	899990	0.152
1240	899991	0.302
1241	899992	0.86
1242	899993	0.578
1243	899994	0.46
1244	899995	0.804
1244	899996	0.866
1245	899997	0.043
1246	899998	0.418
1247	899999	0.837
1247	900000	0.55
1247	900001	0.427
1247	900002	0.968
1247	900003	0.577
1247	900004	0.596
1247	900005	0.77
1247	900006	0.705
1247	900007	0.272
1247	900008	0.698
1247	900009	0.385
1247	900010	0.148
1247	900011	0.311
1247	900012	0.653
1247	900013	0.297
1247	900014	0.497
1247	900015	0.364
1247	900016	0.406
1248	900017	0.937
1248	900018	0.561
1248	900019	0.597
1248	900020	0.222
1249	900021	0.697
1249	900022	0.61
1250	900023	0.72
1250	900024	0.661
1250	900025	0.93
1250	900026	0.641
1250	900027	0.147
1250	900028	0.529
1250	900029	0.49
1250	900030	0.511
1250	900031	0.734
1250	900032	0.589
1250	900033	0.96
1250	900034	0.712
1250	900035	0.797
1250	900036	0.983
1250	900037	0.45
1250	900038	0.646
1250	900039	0.664
1250	900040	0.782
1250	900041	0.499
1250	900042	0.332
1250	900043	0.883
1250	900044	0.617
1250	900045	0.62
1250	900046	0.252
1250	900047	0.801
1250	900048	0.927
1250	900049	0.582
1250	900050	0.937
1250	900051	0.605
1250	900052	0.421
1250	900053	0.674
1250	900054	0.956
1250	900055	0.024
1250	900056	0.818
1250	900057	0.638
1250	900058	0.509
1250	900059	0.871
1250	900060	0.507
1250	900061	0.112
1250	900062	0.778
1250	899200	0.524
1250	900063	0.66
1250	900064	0.839
1250	900065	0.863
1250	900066	0.254
1250	900067	0.555
1250	900068	0.486
1251	900069	0.435
1252	900070	0.59
1252	900071	0.236
1252	900072	0.978
1252	900073	0.876
1252	900074	0.706
1252	900075	0.834
1252	900076	0.778
1253	900077	0.448
1254	900078	0.805
1255	900079	0.916
1256	900080	0.303
1257	900081	0.401
1257	900082	0.522
1258	900083	0.091
1258	900084	0.847
1258	900085	0.114
1258	900086	0.453
1258	900087	0.697
1258	900088	0.777
1258	900089	0.628
1258	900090	0.593
1258	900091	0.363
1258	900092	0.168
1258	900093	0.335
1258	900094	0.668
1258	900095	0.922
1258	900096	0.28
1258	900097	0.709
1258	900098	0.755
1259	900099	0.445
1259	900100	0.512
1259	900101	0.721
1260	900102	0.454
1261	900103	0.128
1261	900104	0.516
1262	900105	0.318
1262	900106	0.682
1263	900107	0.536
1263	900108	0.987
1263	900109	0.228
1263	900110	0.281
1263	900111	0.998
1263	900112	0.712
1264	900113	0.635
1265	900114	0.785
1265	900115	0.758
1265	896361	0.433
1265	900116	0.372
1266	900117	0.691
1267	900118	0.806
1267	900119	0.726
1267	900120	0.613
1268	900121	0.753
1269	900122	0.77
1269	900123	0.328
1269	900124	0.863
1269	900125	0.286
1269	900126	0.335
1269	900127	0.297
1269	900128	0.322
1269	900129	0.663
1269	900130	0.764
1269	900131	0.856
1269	900132	0.799
1270	900133	0.402
1271	900134	0.977
1272	900135	0.313
1272	900136	0.551
1272	900137	0.514
1272	900138	0.178
1272	900139	0.543
1273	900140	0.714
1274	900141	0.39
1275	900142	0.542
1275	900143	0.142
1275	900144	0.461
1275	900145	0.916
1275	900146	0.768
1276	900147	0.118
1276	900148	0.594
1276	900149	0.461
1276	900150	0.608
1276	900151	0.579
1276	900152	0.55
1276	900153	0.311
1276	900154	0.876
1276	900155	0.485
1276	900156	0.899
1276	900157	0.683
1276	900158	0.735
1276	900159	0.739
1276	900160	0.906
1276	900161	0.409
1276	900162	0.717
1276	900163	0.631
1276	900164	0.239
1276	900165	0.024
1276	900166	0.423
1276	900167	0.379
1276	900168	0.063
1276	900169	0.384
1276	900170	0.742
1276	900171	0.179
1276	900172	0.343
1276	900173	0.681
1276	900174	0.537
1276	900175	0.778
1276	900176	0.189
1276	900177	0.415
1276	900178	0.533
1276	900179	0.782
1276	900180	0.74
1276	900181	0.838
1276	900182	0.231
1276	900183	0.608
1276	900184	0.61
1276	900185	0.727
1276	900186	0.969
1276	900187	0.404
1276	900188	0.721
1276	900189	0.641
1276	900190	0.264
1276	900191	0.776
1276	900192	0.375
1276	900193	0.44
1276	900194	0.844
1276	900195	0.5
1276	900196	0.422
1276	900197	0.479
1276	900198	0.639
1276	900199	0.822
1276	900200	0.599
1276	899490	0.688
1276	900201	0.474
1276	900202	0.412
1276	896970	0.693
1276	900203	0.328
1276	900204	0.512
1276	900205	0.728
1276	900206	0.643
1276	900207	0.366
1276	900208	0.015
1276	900209	0.526
1276	900210	0.671
1276	900211	0.709
1276	900212	0.62
1276	900213	0.265
1276	900214	0.447
1277	900215	0.655
1277	900216	0.249
1278	900217	0.866
1279	900218	0.228
1279	900219	0.989
1279	900220	0.455
1279	900221	0.223
1280	900222	0.539
1280	900223	0.999
1281	900224	0.97
1282	900225	0.69
1283	900226	0.711
1284	900227	0.024
1285	900228	0.588
1286	900229	0.37
1287	900230	0.705
1288	900231	0.277
1288	900232	0.512
1289	900233	0.593
1290	900234	0.755
1291	897041	0.496
1292	900235	0.824
1293	900236	0.567
1293	900237	0.423
1294	900238	0.126
1294	900239	0.364
1295	900240	0.466
1296	900241	0.897
1296	900242	0.301
1296	900243	0.634
1297	900244	0.422
1298	900245	0.435
1298	900246	0.773
1298	900247	0.433
1298	900248	0.492
1298	900249	0.949
1298	900250	0.865
1298	900251	0.24
1298	900252	0.475
1298	900253	0.247
1298	900254	0.596
1298	900255	0.856
1298	900256	0.725
1298	900257	0.578
1298	900258	0.62
1298	900259	0.87
1298	900260	0.246
1298	900261	0.574
1298	900262	0.364
1298	900263	0.612
1299	900264	0.319
1299	900265	0.692
1299	900266	0.76
1299	900267	0.944
1299	900268	0.731
1299	900269	0.696
1299	900270	0.843
1299	900271	0.885
1299	896478	0.71
1299	900272	0.451
1299	900273	0.916
1299	900274	0.646
1299	900275	0.504
1299	900276	0.988
1299	900277	0.832
1299	900278	0.584
1299	900279	0.13
1299	900280	0.739
1299	900281	0.63
1299	900282	0.574
1299	900283	0.964
1299	900284	0.69
1299	900285	0.383
1299	900286	0.408
1299	900287	0.505
1299	900288	0.302
1299	900289	0.454
1299	900290	0.666
1299	900291	0.092
1299	900292	0.615
1299	900293	0.745
1299	900294	0.556
1299	900295	0.596
1299	900296	0.823
1299	900297	0.61
1299	900298	0.657
1299	900299	0.9
1299	900300	0.766
1299	900301	0.628
1299	900302	0.71
1299	900303	0.904
1299	900304	0.524
1299	900305	0.737
1299	900306	0.84
1299	900307	0.343
1299	900308	0.712
1299	900309	0.945
1299	900310	0.41
1299	900311	0.826
1299	900312	0.94
1299	900313	0.733
1299	900314	0.408
1299	900315	0.693
1299	900316	0.374
1299	900317	0.602
1299	900318	0.311
1299	900319	0.902
1299	900320	0.544
1299	900321	0.31
1299	900322	0.55
1299	900323	0.66
1299	900324	0.994
1299	900325	0.288
1299	900326	0.256
1299	900327	0.374
1299	900328	0.636
1299	900329	0.685
1299	900330	0.383
1299	900331	0.392
1299	900332	0.45
1299	900333	0.047
1299	900334	0.951
1299	900335	0.928
1299	900336	0.674
1299	900337	0.656
1299	900338	0.434
1299	900339	0.869
1299	900340	0.426
1299	900341	0.545
1299	900342	0.704
1299	900343	0.818
1299	900344	0.914
1299	900345	0.452
1299	900346	0.694
1299	900347	0.936
1299	900348	0.745
1299	900349	0.274
1299	900350	0.281
1299	900351	0.286
1299	900352	0.06
1299	900353	0.411
1299	900354	0.12
1299	900355	0.839
1299	900356	0.54
1300	900357	0.637
1300	900358	0.37
1300	900359	0.881
1300	900360	0.796
1300	900361	0.94
1300	900362	0.299
1300	900363	0.383
1301	900364	0.618
1301	900365	0.536
1302	900366	0.925
1302	897065	0.687
1302	900367	0.158
1302	896467	0.844
1302	900368	0.017
1302	900369	0.483
1302	899935	0.723
1302	900370	0.657
1302	900371	0.805
1302	900372	0.594
1302	900373	0.493
1302	900374	0.671
1302	900375	0.986
1302	900376	0.554
1302	900377	0.446
1302	900378	0.244
1302	900379	0.963
1302	900380	0.527
1302	900381	0.799
1302	900382	0.877
1302	896826	0.665
1302	900383	0.697
1302	900384	0.776
1302	900385	0.652
1302	900386	0.903
1302	900387	0.409
1302	900388	0.487
1302	900389	0.446
1302	900390	0.712
1302	900391	0.429
1302	900392	0.969
1302	900393	0.662
1302	900394	0.842
1302	900395	0.72
1302	900396	0.843
1302	900397	0.623
1302	900398	0.873
1302	900399	0.414
1302	900400	0.557
1302	900401	0.477
1303	900402	0.652
1304	900403	0.874
1305	900404	0.549
1306	900405	0.713
1307	900406	0.408
1308	900407	0.731
1309	900408	0.839
1310	900409	0.608
1311	900410	0.673
1311	900411	0.933
1311	900412	0.72
1311	900413	0.362
1311	900414	0.177
1311	900415	0.671
1311	900416	0.346
1311	900417	0.677
1311	900418	0.861
1312	898938	0.271
1313	900419	0.572
1314	900420	0.481
1315	900421	0.682
1316	900422	0.476
1317	900423	0.461
1318	900424	0.979
1318	900425	0.464
1318	900426	0.365
1318	900427	0.05
1318	900428	0.307
1318	900429	0.03
1318	900430	0.355
1318	900431	0.254
1318	900432	0.592
1318	900433	0.399
1318	900434	0.804
1318	900435	0.65
1318	900436	0.617
1318	900437	0.613
1318	900438	0.576
1318	900439	0.526
1318	900440	0.45
1318	900441	0.705
1318	900442	0.044
1318	900443	0.7
1318	900444	0.573
1318	900445	0.913
1318	900446	0.53
1318	900447	0.141
1318	900448	0.162
1318	900449	0.506
1318	900450	0.99
1318	900451	0.343
1318	900452	0.436
1318	900453	0.792
1318	900454	0.473
1318	900455	0.487
1318	900456	0.649
1319	900457	0.316
1319	900458	0.358
1320	900459	0.905
1321	898582	0.907
1322	900460	0.627
1323	900461	0.968
1324	900462	0.849
1325	900463	0.63
1325	900464	0.565
1326	900465	0.544
1326	900466	0.12
1326	899691	0.37
1327	900467	0.074
1327	900468	0.563
1328	900469	0.761
1329	900470	0.37
1330	900471	0.413
1330	900472	0.98
1330	900473	0.339
1330	900474	0.679
1330	900475	0.965
1331	900476	0.396
1332	900477	0.948
1333	900478	0.531
1333	900479	0.968
1334	900480	0.172
1334	900481	0.316
1334	900482	0.361
1334	900483	0.549
1334	900484	0.842
1334	900485	0.445
1335	900486	0.52
1335	896820	0.554
1336	900407	0.742
1337	900487	0.524
1337	900488	0.714
1337	900489	0.342
1338	897064	0.781
1338	900490	0.705
1338	900491	0.347
1338	900492	0.675
1338	900493	0.556
1338	900494	0.705
1338	900495	0.487
1338	900305	0.307
1338	900496	0.958
1338	900497	0.718
1338	900498	0.533
1338	900499	0.842
1338	900500	0.997
1338	900501	0.84
1338	900502	0.771
1338	900503	0.645
1338	900504	0.393
1338	900505	0.498
1338	900506	0.382
1338	900507	0.334
1338	900508	0.379
1338	900509	0.616
1338	900510	0.874
1338	900511	0.752
1338	900512	0.503
1338	900513	0.903
1339	900514	0.301
1339	900515	0.626
1339	900516	0.471
1339	900517	0.13
1339	900518	0.631
1339	900519	0.269
1339	900520	0.203
1339	900521	0.246
1339	900522	0.671
1339	900523	0.561
1339	900524	0.993
1339	900525	0.34
1339	900526	0.072
1339	900527	0.775
1339	900528	0.597
1339	900529	0.098
1339	900530	0.285
1339	900531	0.447
1339	900532	0.254
1339	897623	0.873
1339	900533	0.475
1339	900534	0.641
1339	900535	0.662
1339	900536	0.689
1339	900537	0.7
1339	900538	0.579
1339	900539	0.165
1339	900540	0.829
1340	900541	0.827
1341	900542	0.475
1342	900543	0.073
1343	900544	0.265
1343	900545	0.922
1343	900546	0.856
1343	900547	0.418
1343	900548	0.531
1344	900549	0.178
1344	900550	0.545
1345	900551	0.199
1346	900552	0.557
1347	900553	0.116
1347	900554	0.741
1348	900555	0.418
1348	900556	0.344
1349	900557	0.331
1350	900558	0.576
1351	900559	0.636
1351	900320	0.374
1351	900560	0.286
1352	900561	0.582
1352	900562	0.447
1352	900563	0.523
1352	900564	0.61
1352	900565	0.298
1352	900566	0.34
1352	900567	0.334
1352	900568	0.675
1352	900569	0.991
1352	900570	0.483
1352	900571	0.804
1352	900572	0.261
1352	900573	0.579
1352	900574	0.462
1352	900575	0.214
1352	900576	0.303
1352	900577	0.351
1352	900578	0.486
1352	900579	0.359
1352	900580	0.981
1352	900581	0.568
1352	900582	0.081
1352	900583	0.598
1352	900584	0.639
1352	900585	0.641
1352	900586	0.751
1353	900587	0.575
1354	900588	0.83
1355	900589	0.562
1355	900590	0.741
1355	900591	0.976
1355	896447	0.788
1355	900592	0.593
1356	900593	0.555
1357	900594	0.231
1357	900595	0.677
1357	900596	0.096
1357	900597	0.801
1357	900598	0.355
1357	900599	0.565
1357	900600	0.409
1357	900601	0.954
1357	900602	0.855
1357	900603	0.944
1357	900604	0.547
1357	900605	0.778
1357	900606	0.417
1357	900607	0.562
1357	900608	0.334
1357	900609	0.32
1357	900610	0.394
1357	900611	0.347
1357	900612	0.358
1357	900613	0.651
1357	900614	0.491
1357	900615	0.329
1357	900616	0.486
1357	900617	0.888
1357	900618	0.457
1357	900619	0.545
1357	900620	0.466
1357	900621	0.656
1357	900622	0.9
1357	900623	0.184
1357	900624	0.55
1357	900625	0.554
1357	900626	0.462
1357	900627	0.391
1358	900628	0.57
1359	900036	0.273
1360	900629	0.217
1361	900630	0.623
1361	900588	0.915
1362	900280	0.532
1363	900631	0.542
1363	900632	0.126
1363	900633	0.617
1363	900634	0.792
1363	900635	0.393
1363	900636	0.721
1363	900637	0.512
1363	900638	0.339
1363	900639	0.913
1363	900640	0.627
1363	900641	0.789
1363	900642	0.985
1363	900643	0.744
1363	900644	0.713
1363	900645	0.661
1363	900646	0.47
1363	899425	0.531
1363	900647	0.903
1363	900648	0.646
1363	900649	0.842
1363	900650	0.946
1363	900651	0.514
1363	900652	0.406
1363	900653	0.165
1363	900654	0.671
1363	900655	0.313
1363	900656	0.421
1363	900657	0.265
1363	900658	0.548
1363	900659	0.585
1363	900660	0.529
1363	900661	0.684
1363	900662	0.677
1363	900663	0.299
1363	900664	0.577
1363	900665	0.818
1363	900666	0.646
1363	900667	0.683
1363	897088	0.347
1363	900668	0.87
1363	900669	0.817
1363	900670	0.825
1363	900671	0.666
1363	900672	0.027
1363	900673	0.549
1363	900674	0.29
1363	900675	0.941
1363	900676	0.67
1363	900677	0.635
1363	900678	0.968
1363	900679	0.393
1363	900680	0.392
1363	900681	0.84
1363	900682	0.084
1363	900683	0.371
1363	900684	0.483
1363	900685	0.767
1363	900686	0.212
1363	900687	0.162
1363	900688	0.574
1364	900689	0.573
1364	900690	0.634
1365	900691	0.479
1365	900692	0.197
1365	900693	0.343
1365	900694	0.211
1365	900695	0.612
1365	900696	0.653
1365	900697	0.57
1365	900698	0.59
1365	900699	0.692
1365	900700	0.044
1365	900701	0.459
1365	900702	0.859
1365	900703	0.695
1365	900704	0.466
1365	900705	0.386
1365	900706	0.664
1365	900707	0.265
1365	900708	0.337
1365	900709	0.907
1365	900710	0.471
1365	900711	0.365
1365	900712	0.425
1365	900713	0.081
1365	900714	0.545
1365	900715	0.118
1365	900716	0.502
1365	900717	0.453
1365	900718	0.575
1365	900719	0.646
1365	900720	0.604
1365	900721	0.774
1365	900722	0.682
1365	900723	0.812
1365	900724	0.359
1365	900725	0.49
1365	900726	0.457
1365	900727	0.395
1365	900728	0.658
1365	900729	0.875
1365	900730	0.569
1365	900731	0.818
1366	900732	0.407
1366	900733	0.129
1366	900734	0.546
1366	900735	0.353
1366	900736	0.858
1366	900737	0.76
1366	900738	0.515
1366	900739	0.853
1366	900740	0.57
1366	900741	0.188
1366	900742	0.515
1366	900743	0.185
1366	900744	0.074
1366	900745	0.283
1366	900746	0.519
1366	900747	0.604
1366	900748	0.858
1366	900749	0.261
1366	900750	0.766
1366	900751	0.537
1366	900752	0.35
1366	900753	0.717
1366	900754	0.105
1366	900755	0.993
1367	900756	0.226
1368	900757	0.671
1368	900758	0.177
1369	900759	0.591
1370	900760	0.333
1370	900761	0.568
1370	900762	0.613
1370	900763	0.41
1370	900764	0.49
1370	900765	0.594
1370	900766	0.793
1370	900767	0.445
1370	900768	0.41
1370	900769	0.726
1371	900770	0.708
1372	900771	0.582
1373	900772	0.467
1373	900773	0.849
1373	900774	0.359
1374	900775	0.715
1375	900776	0.882
1376	900777	0.919
1376	900778	0.68
1376	900779	0.755
1376	898905	0.389
1377	900780	0.828
1378	900781	0.823
1379	900782	0.764
1380	900783	0.995
1380	900784	0.352
1380	900785	0.208
1380	900786	0.054
1380	900787	0.449
1380	900788	0.511
1381	900789	0.429
1381	900790	0.507
1382	900791	0.553
1383	900792	0.236
1383	900793	0.509
1384	900794	0.721
1385	900795	0.532
1386	900796	0.814
1386	900797	0.718
1387	900798	0.245
1388	900799	0.711
1389	900800	0.573
1390	900801	0.143
1390	900802	0.925
1390	900803	0.832
1390	900804	0.545
1390	900805	0.767
1390	900806	0.898
1390	900807	0.435
1391	900808	0.145
1392	896508	0.835
1392	900809	0.763
1392	900810	0.765
1392	900811	0.625
1392	900812	0.673
1392	900813	0.226
1392	900814	0.09
1392	900815	0.82
1392	900816	0.195
1392	900817	0.918
1392	900818	0.263
1392	900819	0.5
1392	900820	0.661
1392	900821	0.78
1392	900822	0.245
1392	900823	0.188
1392	900109	0.629
1392	900824	0.198
1392	900825	0.782
1392	900826	0.57
1392	900827	0.833
1392	900828	0.519
1392	900829	0.486
1392	900830	0.573
1392	900831	0.561
1392	900832	0.344
1392	900833	0.798
1392	900834	0.184
1392	900835	0.566
1392	900836	0.827
1392	900837	0.287
1392	900838	0.427
1392	900839	0.863
1392	900840	0.115
1392	900841	0.203
1393	898517	0.636
1394	900842	0.976
1395	900843	0.361
1396	900844	0.586
1397	900845	0.577
1398	900846	0.365
1399	900847	0.529
1400	900848	0.583
1400	900849	0.992
1400	900850	0.728
1400	900851	0.639
1400	900852	0.769
1400	900853	0.292
1401	900854	0.556
1401	900855	0.773
1401	900019	0.87
1401	900856	0.971
1401	900857	0.674
1401	900858	0.953
1401	900859	0.459
1401	900860	0.735
1401	900861	0.938
1401	900862	0.734
1401	900848	0.994
1401	900849	0.348
1401	900863	0.759
1401	900864	0.862
1401	900865	0.62
1401	900866	0.766
1401	900867	0.439
1401	900868	0.326
1401	900869	0.489
1401	900870	0.583
1401	900871	0.804
1401	900872	0.578
1401	900873	0.695
1401	900874	0.027
1401	900875	0.789
1401	900876	0.738
1401	900877	0.417
1401	900878	0.191
1401	900879	0.541
1401	900880	0.494
1401	900881	0.288
1401	900882	0.641
1401	900883	0.042
1401	900884	0.261
1401	900885	0.588
1401	896737	0.562
1401	900886	0.954
1401	900887	0.581
1401	900888	0.335
1402	900889	0.305
1402	900049	0.752
1402	896404	0.882
1402	900890	0.899
1403	900891	0.613
1404	900892	0.776
1405	900893	0.397
1406	900894	0.285
1407	900895	0.432
1408	900896	0.774
1408	900897	0.769
1409	899918	0.863
1409	900898	0.447
1409	900899	0.675
1410	900900	0.556
1411	897023	0.282
1412	900901	0.472
1412	900902	0.208
1412	900903	0.609
1412	900904	0.182
1412	900905	0.708
1412	900244	0.677
1413	900906	0.842
1414	900907	0.863
1415	900908	0.531
1415	900909	0.303
1415	900910	0.314
1415	900911	0.921
1415	900912	0.942
1415	900913	0.493
1415	900914	0.338
1415	900915	0.226
1415	900916	0.591
1415	900917	0.454
1415	900918	0.956
1415	900682	0.343
1415	899399	0.511
1415	900919	0.239
1415	900890	0.638
1415	900920	0.35
1415	896945	0.724
1416	900921	0.072
1417	900922	0.467
1417	900923	0.139
1417	900924	0.462
1417	900925	0.862
1417	900926	0.317
1417	900927	0.483
1417	900928	0.959
1417	900929	0.709
1417	900930	0.331
1417	900931	0.607
1417	897082	0.818
1417	900932	0.51
1417	900933	0.64
1418	900934	0.841
1419	900935	0.28
1419	900477	0.582
1420	900936	0.239
1420	900937	0.688
1421	900938	0.632
1421	900939	0.22
1421	900940	0.567
1421	900941	0.312
1421	900942	0.511
1421	900943	0.256
1421	896404	0.58
1422	900944	0.646
1422	900945	0.264
1422	900946	0.123
1422	900947	0.324
1422	900948	0.6
1422	900949	0.851
1422	900950	0.607
1422	900951	0.371
1422	900952	0.832
1422	900953	0.775
1422	898790	0.299
1422	900954	0.627
1422	900955	0.392
1422	900956	0.886
1422	900957	0.495
1422	900958	0.904
1422	900959	0.706
1422	900960	0.304
1422	900961	0.444
1422	900962	0.568
1422	900963	0.733
1422	900964	0.833
1422	900965	0.995
1422	900966	0.649
1422	900967	0.281
1422	900968	0.48
1422	900969	0.818
1422	900970	0.762
1422	900971	0.666
1422	900972	0.892
1422	900973	0.688
1422	900974	0.748
1422	900975	0.317
1422	900976	0.489
1422	900977	0.877
1422	900978	0.714
1422	900979	0.419
1422	900980	0.777
1422	900981	0.993
1422	900982	0.884
1422	900983	0.631
1422	900984	0.569
1422	900985	0.263
1422	900986	0.324
1423	900987	0.219
1424	900988	0.753
1424	900989	0.828
1425	900990	0.616
1426	900991	0.454
1427	900992	0.622
1427	900993	0.748
1427	900994	0.346
1428	900225	0.604
1429	900995	0.412
1430	900996	0.71
1431	900997	0.225
1432	900998	0.432
1433	900999	0.315
1433	901000	0.285
1434	901001	0.623
1435	901002	0.977
1435	901003	0.758
1435	901004	0.956
1435	900545	0.31
1435	901005	0.024
1435	901006	0.601
1435	901007	0.073
1435	901008	0.547
1435	901009	0.027
1435	901010	0.649
1435	901011	0.867
1435	901012	0.614
1435	901013	0.298
1435	901014	0.909
1435	901015	0.868
1436	901016	0.597
1437	901017	0.882
1438	901018	0.453
1439	901019	0.294
1439	901020	0.782
1440	901021	0.542
1441	901022	0.701
1441	901023	0.447
1441	899503	0.429
1441	901024	0.434
1441	901025	0.84
1441	901026	0.481
1441	901027	0.081
1441	901028	0.905
1441	901029	0.699
1441	901030	0.916
1441	901031	0.591
1441	901032	0.389
1441	901033	0.874
1441	901034	0.503
1441	901035	0.534
1441	901036	0.612
1441	901037	0.41
1441	901038	0.918
1441	901039	0.221
1441	901040	0.415
1441	901041	0.683
1441	901042	0.267
1441	901043	0.312
1441	901044	0.407
1441	901045	0.377
1441	901046	0.773
1441	901047	0.836
1441	901048	0.136
1442	901049	0.779
1443	901050	0.505
1444	901051	0.288
1445	901052	0.28
1445	901053	0.621
1446	901054	0.536
1446	901055	0.851
1447	901056	0.328
1448	901057	0.287
1448	901058	0.254
1448	901059	0.364
1448	901060	0.717
1448	901061	0.587
1448	901062	0.777
1448	901063	0.409
1448	901064	0.587
1448	901065	0.792
1448	901066	0.494
1448	901067	0.613
1448	901068	0.996
1448	901069	1.0
1448	899418	0.185
1448	901070	0.798
1448	901071	0.761
1448	901072	0.224
1448	901073	0.698
1448	901074	0.28
1449	901075	0.371
1449	901076	0.317
1449	901077	0.635
1449	901078	0.333
1449	901079	0.63
1449	901080	0.845
1449	896403	0.805
1449	896404	0.366
1450	901081	0.367
1450	901082	0.527
1451	899708	0.504
1452	901083	0.699
1452	901084	0.528
1453	901085	0.754
1454	901086	0.725
1455	901087	0.926
1456	901088	0.086
1456	901089	0.683
1457	901090	0.829
1458	897840	0.797
1458	901091	0.585
1458	901092	0.942
1458	901093	0.764
1459	901094	0.368
1460	901095	0.648
1461	901096	0.535
1461	901097	0.767
1461	901098	0.613
1462	901099	0.37
1463	901100	0.808
1463	901101	0.779
1464	901102	0.944
1464	901103	0.753
1464	901104	0.855
1465	901105	0.592
1466	901106	0.739
1466	901107	0.714
1467	901108	0.57
1467	901109	0.748
1468	901110	0.827
1469	901111	0.412
1469	901112	0.519
1469	900532	0.288
1470	901113	0.775
1471	901114	0.639
1472	898913	0.283
1473	901115	0.539
1473	901116	0.775
1473	900114	0.717
1473	901117	0.588
1473	899686	0.127
1474	901118	0.023
1475	901119	0.67
1475	901120	0.945
1475	901121	0.586
1475	901122	0.557
1475	900268	0.903
1475	901123	0.86
1475	901124	0.402
1475	901125	0.949
1475	901126	0.111
1475	901127	0.23
1475	901128	0.755
1475	901129	0.981